29

105
19 15 3 12 12 8 10 14 6 16 10 19 13 7 5 5 19 9 17 5 3 5 7 15 10 10 3 3 18 4 2 19 8 16 13 17 6 7 2 5 2 7 15 9 15 12 16 8 5 8 5 16 11 2 2 10 13 13 11 6 2 6 7 7 15 11 4 14 19 12 4 3 4 3 12 16 3 17 18 15 5 9 7 13 5 19 13 6 15 5 8 17 16 7 1 5 17 4 16 1 6 17 14 10 13 
868
67 94
90 17
65 93
61 45
71 15
69 13
53 35
100 83
17 42
4 36
55 8
9 29
88 65
27 13
87 103
33 74
48 69
64 94
28 20
6 39
83 28
6 37
83 103
100 64
28 11
5 77
84 87
80 36
50 18
71 18
58 26
4 30
97 85
103 30
22 15
22 26
40 57
25 27
11 86
103 90
39 29
53 98
41 88
70 38
11 40
49 92
28 30
79 3
16 75
10 100
14 61
7 54
93 34
22 12
11 12
5 94
39 27
68 74
52 72
70 51
57 36
28 58
2 55
33 86
78 72
2 8
26 31
86 91
99 29
46 84
49 52
97 65
47 59
79 101
14 45
13 74
79 62
4 13
39 15
100 43
3 68
56 88
87 68
94 10
41 86
95 77
73 50
55 18
1 75
41 60
54 99
56 75
90 64
74 30
83 92
101 95
20 90
32 43
55 62
15 56
70 33
17 46
61 53
37 101
71 91
54 84
24 82
40 59
84 30
74 2
17 11
96 87
32 33
63 37
97 95
20 38
77 63
30 67
61 99
23 90
68 53
79 86
51 82
55 39
37 65
100 19
25 68
15 50
37 98
66 24
36 32
53 78
69 12
70 6
41 67
46 86
28 57
91 49
23 71
96 70
33 31
4 2
99 38
22 67
11 88
36 66
84 72
49 56
78 67
40 1
34 49
58 64
92 17
34 99
72 41
79 81
76 62
63 26
45 59
48 34
25 20
59 92
97 6
3 91
71 43
86 73
61 95
28 27
45 20
76 12
43 65
72 46
3 38
79 26
76 44
26 40
33 101
12 100
88 27
86 75
84 76
96 52
101 23
6 60
72 23
48 3
100 79
45 28
39 24
9 99
16 92
75 89
23 98
7 58
2 62
85 60
25 90
1 13
94 23
32 87
69 20
71 40
95 5
33 57
25 75
13 80
30 54
77 92
31 77
66 34
6 91
17 83
53 81
21 56
83 1
69 50
26 5
64 91
74 42
63 25
53 14
63 4
48 103
5 70
68 13
52 13
36 104
52 4
60 68
34 32
54 86
26 76
17 6
86 50
85 87
46 50
72 88
52 82
100 33
51 28
9 28
66 12
18 51
66 55
47 88
74 82
93 84
44 12
97 23
63 68
33 4
88 19
96 55
74 84
76 42
100 74
99 32
77 103
66 25
97 38
6 82
60 5
67 68
15 48
13 10
16 91
102 68
85 69
99 50
10 80
91 60
57 16
3 95
69 100
47 25
87 102
22 86
34 23
44 19
71 57
86 94
49 15
59 73
100 2
102 74
38 21
28 78
44 24
34 62
21 26
80 88
77 38
103 76
71 28
47 27
36 7
102 24
57 95
17 18
32 64
37 60
68 56
15 7
51 60
48 35
23 81
94 45
29 42
16 21
27 89
36 6
74 32
10 26
81 45
43 102
27 54
20 95
53 46
1 45
96 53
28 24
66 33
28 101
62 42
37 2
84 26
38 76
94 46
41 3
93 87
19 89
71 101
30 68
75 54
84 63
2 49
22 76
25 79
17 33
91 90
56 38
67 77
32 4
55 49
45 83
26 68
65 54
63 87
54 25
42 47
13 15
77 41
70 62
61 50
85 45
33 83
28 75
91 4
41 13
74 38
56 47
85 55
31 65
32 78
30 31
6 38
5 40
102 4
29 69
102 33
47 53
38 104
41 19
89 62
15 92
34 75
31 38
76 104
20 40
6 68
38 54
11 1
13 72
8 36
64 48
90 3
79 31
6 23
103 44
16 24
33 25
67 69
89 57
24 11
72 38
62 40
9 38
68 77
58 11
35 83
34 29
100 48
85 81
32 91
79 92
9 71
1 85
57 25
97 59
99 91
92 33
70 60
13 87
34 18
87 4
58 63
16 15
67 42
23 70
6 52
45 2
66 41
83 74
69 46
41 96
12 48
69 9
64 70
40 31
33 68
83 31
28 42
23 20
96 30
2 10
42 72
41 75
31 53
33 41
30 100
34 89
50 84
51 4
80 73
33 69
52 102
5 18
33 13
2 7
94 12
82 8
50 13
92 35
69 57
63 96
55 9
92 57
21 55
51 32
64 78
67 82
10 72
64 47
54 104
1 92
14 46
69 40
93 52
55 83
83 89
49 16
67 80
31 81
69 88
5 17
92 53
89 64
4 77
42 11
62 21
60 29
2 18
42 65
75 11
79 12
79 78
35 2
11 44
90 28
19 58
65 78
79 22
72 27
24 35
29 76
61 38
43 87
84 65
98 59
28 19
92 101
21 48
72 93
44 17
63 14
52 57
67 75
13 16
45 34
19 77
66 59
78 51
97 104
60 14
14 94
70 13
99 57
40 101
31 49
85 35
32 21
95 38
43 77
67 21
50 62
8 101
45 43
69 36
61 11
20 59
15 41
15 62
9 54
49 69
85 103
86 104
59 13
94 70
2 85
50 63
45 13
80 84
53 48
82 86
56 33
21 10
82 57
101 100
23 95
54 82
30 59
94 69
104 5
19 31
6 43
54 80
12 93
36 29
79 59
46 27
49 97
17 8
7 92
103 89
64 98
17 63
21 39
79 51
70 87
25 72
4 67
86 20
30 20
15 58
95 47
7 90
81 14
10 1
74 101
40 90
29 96
17 100
85 16
99 47
39 61
80 3
50 104
13 54
24 51
87 77
56 64
71 77
15 54
69 42
57 26
50 72
50 4
11 38
53 32
10 39
52 51
52 43
101 14
19 35
93 7
33 60
22 5
63 42
59 64
87 5
60 28
39 57
44 73
84 12
56 11
84 62
82 45
45 84
85 40
8 25
30 57
69 92
65 3
16 74
97 34
14 20
47 78
44 43
3 57
46 83
54 21
104 46
67 90
72 96
38 49
97 37
60 35
62 65
20 72
90 29
10 89
46 79
104 31
34 20
92 87
2 36
75 74
81 101
60 1
58 104
60 61
43 58
58 99
8 6
34 59
16 20
6 13
38 44
40 64
47 71
79 48
22 62
60 2
20 36
79 34
5 63
24 56
59 10
9 50
25 88
102 15
96 54
67 31
16 70
96 11
103 86
48 32
100 97
44 23
72 34
12 71
51 1
52 45
70 68
63 47
38 62
60 57
39 4
26 62
45 69
51 17
28 82
42 96
21 104
98 60
20 9
62 74
103 37
63 72
10 92
27 7
87 66
56 54
73 101
75 18
102 70
30 49
77 51
54 34
7 22
59 62
73 90
23 45
38 5
80 52
66 91
64 8
48 8
22 51
44 51
32 5
84 47
66 61
30 22
2 15
7 74
94 101
54 52
52 27
44 7
84 48
70 17
59 99
47 72
13 95
62 66
65 86
54 2
40 66
44 68
95 31
56 84
57 29
91 29
13 55
15 43
4 83
63 62
2 88
65 99
85 65
10 81
12 57
26 2
58 72
87 91
78 80
20 1
50 90
96 20
15 79
102 29
15 72
60 80
64 52
47 91
101 104
21 15
94 1
4 95
88 83
6 86
3 98
90 37
2 25
91 36
21 85
98 48
10 58
25 56
81 63
38 88
83 93
39 31
46 28
30 91
61 5
52 53
49 46
39 25
100 29
82 2
61 55
45 50
42 97
48 70
92 89
41 16
97 16
51 10
9 93
79 72
20 54
47 75
73 36
40 96
21 103
14 15
53 22
43 21
32 65
62 93
8 29
47 41
19 66
83 82
18 49
22 63
15 51
8 92
5 85
25 43
5 76
36 55
69 72
80 89
64 63
23 36
42 51
51 84
29 85
63 31
33 14
74 12
26 64
103 94
13 71
14 26
37 49
42 12
30 93
98 68
67 26
32 2
62 94
8 37
74 25
9 5
71 22
37 7
12 92
48 66
52 23
35 101
89 25
66 23
32 13
67 3
102 54
78 35
82 43
34 53
34 78
7 32
8 19
57 90
98 18
57 41

36
3 19 19 10 6 5 18 7 8 7 10 6 16 8 2 11 8 2 3 17 11 7 10 18 8 12 9 12 8 19 17 2 3 19 4 2 
201
24 13
19 28
8 28
14 34
14 15
8 24
20 17
18 21
11 15
25 32
33 2
4 26
35 27
7 4
1 25
13 22
29 32
26 12
3 28
8 14
3 13
25 21
7 24
28 6
24 22
25 33
12 22
29 8
21 24
23 8
34 2
7 9
28 30
7 23
10 18
14 10
15 27
17 12
35 5
16 33
5 18
21 3
5 33
19 8
20 22
2 31
12 23
22 7
11 6
6 20
33 3
25 35
25 17
33 10
3 30
34 23
6 14
9 19
8 1
34 18
28 23
11 16
16 10
6 24
11 5
32 30
20 15
17 15
17 16
10 29
15 28
9 35
11 2
7 20
28 2
29 15
28 13
10 2
7 19
24 10
34 33
10 30
26 9
18 13
27 30
15 9
2 19
17 26
33 6
10 21
29 24
13 33
24 27
26 34
28 35
19 23
23 21
7 28
19 13
21 31
26 21
25 12
33 1
17 33
9 3
24 14
19 30
32 17
21 9
13 21
12 14
22 32
16 7
30 23
24 4
33 8
1 27
31 7
18 35
13 12
12 21
1 13
18 6
33 19
12 5
10 3
20 34
11 20
2 30
17 30
10 26
7 1
35 20
33 15
23 33
13 26
11 12
17 19
3 27
34 27
5 15
34 31
23 1
8 4
10 17
31 33
23 2
25 19
1 6
33 7
16 35
5 34
27 32
9 1
9 14
18 15
16 1
24 25
27 8
5 26
35 1
21 4
6 4
6 3
27 19
31 24
10 23
10 32
24 30
34 9
22 8
4 9
26 14
14 30
3 29
22 29
28 17
18 25
5 22
13 6
27 18
20 2
24 16
14 20
35 24
4 25
2 15
30 25
31 28
11 18
8 11
18 3
2 26
17 3
31 20
31 25
31 35
17 8
9 13
8 21
11 26

160
11 14 17 3 19 1 6 12 8 16 16 7 17 12 6 13 12 12 8 11 16 18 2 18 15 8 7 5 14 17 4 1 18 14 17 5 10 17 16 12 15 17 3 16 14 14 7 17 10 9 8 10 6 18 17 16 16 16 5 1 6 7 8 8 2 8 13 19 3 19 2 4 12 6 12 1 5 5 19 9 18 3 16 18 5 11 16 2 12 15 8 17 12 12 15 12 2 16 1 18 12 9 3 16 4 16 8 4 15 2 18 6 15 9 17 15 4 17 5 17 12 17 11 10 5 10 7 12 11 7 5 16 2 1 1 18 12 8 5 13 12 18 13 14 13 3 19 8 14 9 6 16 6 12 16 17 19 17 10 15 
881
33 52
89 25
24 80
57 144
107 19
17 47
46 83
62 5
67 66
83 76
123 12
46 80
107 93
54 90
123 18
61 1
115 64
157 3
118 96
132 14
112 45
18 96
128 97
72 127
49 9
91 89
146 107
129 106
73 28
158 31
93 87
141 107
124 39
64 151
93 50
156 133
37 2
115 57
97 105
131 68
9 26
2 7
90 74
68 120
132 94
104 102
18 154
87 26
128 75
157 87
154 129
20 67
92 100
71 143
24 3
94 61
32 28
91 27
37 11
50 141
73 96
71 44
11 70
69 37
5 135
40 38
125 102
85 134
65 28
20 32
89 8
120 131
20 88
151 55
25 155
49 130
146 145
112 40
107 77
41 102
62 21
153 12
19 114
142 156
44 29
86 127
42 73
76 53
123 38
48 95
58 30
56 102
85 129
38 74
137 145
99 68
25 78
67 60
30 2
105 86
133 149
40 46
123 150
147 25
12 79
113 51
59 32
54 58
111 4
82 101
150 4
1 25
103 60
141 13
38 107
145 59
96 145
157 55
159 95
110 138
6 124
124 144
97 63
134 87
76 107
132 82
51 117
47 83
110 115
16 147
75 129
81 95
60 9
104 4
139 74
32 94
53 48
51 33
113 99
67 104
131 7
34 110
157 159
41 20
137 60
109 100
104 120
155 128
124 76
28 99
98 62
55 121
117 122
39 81
35 116
71 2
70 49
147 89
137 115
73 81
98 34
125 85
78 71
139 4
117 154
103 76
8 94
37 76
66 149
79 156
113 80
59 69
13 139
60 133
83 127
141 136
120 16
128 76
114 104
144 159
105 58
113 74
126 78
62 31
75 92
9 149
128 6
133 157
64 17
117 32
72 67
8 68
84 7
70 118
125 31
10 136
1 79
125 137
131 15
24 10
112 139
158 78
37 91
107 18
32 8
51 127
57 158
10 21
117 43
63 81
137 34
104 119
30 26
106 158
65 64
63 9
3 60
83 143
70 132
36 110
82 121
22 90
53 85
72 41
66 58
142 86
140 72
101 59
61 59
86 132
26 51
151 128
99 69
80 10
59 157
6 135
153 3
138 15
99 89
15 100
50 57
122 100
136 67
120 89
89 158
31 94
128 73
3 77
61 111
145 117
28 86
46 38
150 151
33 134
53 77
78 58
118 135
103 158
35 31
107 111
26 45
147 41
73 124
155 77
116 68
116 112
52 71
140 114
146 154
37 157
53 78
110 31
49 150
15 148
82 127
153 154
9 14
35 114
15 83
152 52
138 72
133 17
107 17
72 136
55 105
98 134
101 104
149 143
71 31
159 102
101 128
63 71
15 4
55 96
51 63
73 48
61 25
16 98
27 18
98 68
123 97
157 19
30 100
151 112
69 116
147 62
10 102
32 146
122 88
64 52
151 74
127 46
54 141
46 103
33 4
148 95
147 123
132 27
25 75
41 114
142 11
52 50
110 25
54 53
24 59
108 47
142 47
2 65
46 64
1 35
122 19
105 91
14 48
40 123
30 112
20 10
145 130
98 22
147 11
98 156
55 33
138 25
76 159
32 105
19 129
142 12
57 39
50 157
17 31
12 125
133 132
53 19
98 90
64 157
8 152
122 111
29 40
58 28
103 67
25 135
102 98
79 78
9 30
98 45
44 103
65 113
35 95
96 22
129 87
45 57
131 155
116 40
150 72
57 65
116 82
109 82
147 133
127 125
45 94
114 30
77 154
112 48
57 10
52 67
7 110
92 152
72 13
53 144
127 75
87 47
57 35
141 53
94 73
70 75
154 147
58 124
91 138
120 90
70 130
60 113
109 127
147 55
138 20
14 89
64 63
49 134
154 132
155 144
10 158
55 138
15 112
3 112
129 139
26 141
25 111
41 98
111 118
58 44
146 42
7 3
56 28
78 15
46 48
29 119
10 139
29 54
86 146
59 16
32 66
123 138
67 16
57 1
86 153
102 58
18 65
112 35
15 124
26 58
23 39
7 52
135 80
103 42
76 151
131 152
132 95
114 120
17 154
145 129
20 86
46 133
91 53
39 103
94 99
156 1
115 33
116 31
123 89
116 17
42 41
94 110
66 20
95 84
100 112
43 113
16 49
97 150
76 102
156 152
49 128
122 101
119 100
142 106
12 36
18 25
135 108
141 84
6 54
148 155
113 101
29 41
66 104
91 131
130 48
31 40
111 53
116 50
150 131
31 136
62 111
68 25
53 119
75 97
107 11
150 146
79 84
48 84
18 47
42 37
49 151
43 78
89 119
151 58
98 96
155 154
84 90
9 35
79 100
102 37
41 44
139 7
107 34
159 105
116 63
147 67
20 2
142 30
18 12
83 49
29 11
25 105
69 70
17 8
138 125
51 85
25 55
103 105
57 19
112 1
82 36
61 32
127 137
102 42
146 20
111 136
121 68
70 40
116 83
57 147
128 62
34 123
63 125
95 135
16 77
143 116
65 117
66 5
122 67
77 51
68 91
159 145
143 47
4 98
99 12
131 137
9 51
135 120
66 129
58 101
53 44
131 22
19 49
101 2
89 106
106 39
26 104
139 80
32 131
144 131
68 21
37 104
119 155
153 82
142 66
154 29
117 14
105 134
126 115
29 126
57 134
118 31
42 82
88 4
29 108
64 142
76 134
92 42
85 54
117 116
119 144
110 54
129 14
138 95
78 77
156 40
65 136
23 84
46 149
151 4
97 159
110 58
34 78
49 139
143 107
107 65
10 48
43 116
132 78
58 121
103 154
146 143
101 36
35 102
41 100
40 52
138 99
43 142
73 97
129 51
52 48
114 86
5 34
13 69
87 92
36 145
10 26
2 106
85 153
151 20
117 157
131 87
71 146
132 118
95 36
29 157
18 29
27 142
96 81
12 126
117 22
156 151
8 99
83 70
25 87
77 117
154 141
143 55
16 33
3 59
19 155
108 41
138 79
12 111
14 28
140 66
122 151
74 132
153 112
150 62
46 8
58 136
22 62
64 100
86 47
116 61
46 44
114 100
66 19
120 44
95 89
6 32
33 47
63 11
108 28
43 119
34 127
35 63
21 7
32 95
13 47
9 107
14 142
136 73
157 71
153 11
67 128
79 30
104 35
101 111
122 105
52 105
133 96
124 43
11 40
128 95
114 52
10 150
113 38
31 103
11 119
69 101
97 53
158 59
14 145
133 109
48 149
5 72
140 94
136 74
119 41
74 77
116 62
142 95
2 142
82 86
75 114
55 26
20 127
65 72
9 144
132 110
132 25
25 39
2 116
81 50
93 53
91 145
139 92
80 20
15 38
123 10
69 30
61 55
11 112
18 17
67 15
23 73
52 100
142 97
4 126
90 106
110 98
54 51
83 31
16 134
130 100
110 156
47 41
125 23
108 66
29 23
153 10
18 101
54 22
140 54
122 68
115 120
120 6
104 135
115 37
153 95
43 57
104 57
83 135
42 51
147 106
19 5
47 134
83 111
144 29
127 120
61 8
144 63
60 91
71 57
117 13
19 71
76 154
121 63
60 26
123 79
48 126
42 117
98 112
41 140
123 58
39 71
9 133
101 57
3 132
21 41
54 126
73 16
101 103
146 94
52 136
77 65
101 16
103 16
147 48
50 152
135 34
101 44
24 55
20 143
86 85
64 106
71 85
16 125
75 18
42 89
54 23
74 114
7 119
100 85
121 3
5 94
54 89
159 96
78 112
101 56
14 12
118 98
89 62
113 142
149 15
143 121
14 8
53 11
75 134
65 13
78 145
98 158
80 145
65 35
65 17
35 46
19 121
105 145
24 155
62 66
120 15
26 94
29 27
43 80
68 1
147 83
22 21
10 105
105 3
58 31
50 47
136 68
36 98
13 21
115 30
30 36
120 71
15 111
103 53
20 26
133 95
77 64
55 21
93 156
100 88
28 143
21 75
6 13
111 71
53 84
106 73
35 86
152 86
32 157
143 156
87 13
2 35
157 140
72 157
70 79
80 21

40
7 7 9 1 9 11 11 7 9 5 4 15 5 6 16 11 18 2 2 17 3 17 4 14 4 9 5 2 8 17 11 1 9 10 2 18 17 14 10 10 
133
5 21
23 32
30 23
4 27
10 5
8 6
36 1
37 33
26 1
19 33
35 27
37 21
25 34
30 4
26 22
31 10
7 26
1 19
29 17
35 16
7 19
36 21
34 10
27 11
15 13
25 31
15 3
32 38
27 7
17 33
21 26
34 3
15 1
34 12
7 12
28 2
15 7
33 12
30 33
36 7
39 33
37 10
22 12
22 33
17 9
11 21
37 3
5 11
26 3
37 39
9 39
16 2
17 35
4 20
19 5
20 7
36 4
32 10
11 16
19 29
14 27
38 20
35 7
27 1
7 33
28 17
35 31
32 7
23 6
5 23
31 20
12 37
24 17
39 3
37 11
29 4
28 33
25 13
4 16
36 9
17 20
3 8
15 23
5 35
39 2
35 13
32 16
6 3
31 11
37 26
3 25
35 36
29 6
12 18
37 27
4 3
24 6
39 6
9 28
33 2
21 30
37 38
24 25
2 6
10 35
29 9
5 3
18 7
39 4
23 18
2 9
27 25
26 12
32 1
39 19
22 27
32 3
9 30
5 2
7 21
1 30
3 9
4 37
20 22
8 13
27 36
18 28
37 36
27 3
14 22
19 12
35 26
18 37

98
1 7 9 8 5 13 5 5 14 8 6 19 4 7 10 13 8 16 9 3 16 1 10 12 1 4 3 5 19 12 15 1 9 6 7 10 1 6 14 2 9 3 17 6 3 10 10 6 5 16 17 11 9 9 19 14 17 4 14 12 14 19 14 4 9 11 11 18 8 5 15 17 3 5 10 6 11 2 4 6 1 7 2 3 7 11 5 12 3 11 14 8 2 10 17 16 9 7 
139
28 61
44 91
14 26
59 50
6 78
47 95
42 11
48 10
41 58
82 29
95 97
92 44
88 74
42 54
31 67
54 77
87 9
56 64
5 83
93 76
31 83
78 84
33 3
49 39
54 88
92 96
44 67
26 79
77 15
26 58
64 73
22 72
38 3
74 84
28 47
84 44
28 68
97 56
77 89
40 49
6 30
2 15
45 86
91 59
84 18
16 76
18 34
59 32
95 3
22 11
85 52
82 3
17 60
55 93
70 38
78 89
51 27
14 15
51 53
91 60
31 16
90 62
49 72
12 45
18 59
27 23
65 56
19 72
77 63
87 42
61 47
28 75
2 80
72 55
79 57
41 2
61 20
50 12
94 92
27 90
21 81
81 85
25 18
9 69
88 27
4 65
39 93
38 20
70 8
43 59
42 55
25 34
58 34
59 94
41 72
25 13
30 95
27 94
61 37
69 22
51 5
93 96
2 6
40 71
21 59
20 83
50 40
48 80
62 6
57 3
21 19
92 39
49 3
40 9
78 3
61 71
71 8
17 32
24 55
82 50
71 80
9 54
30 13
65 97
68 4
1 46
31 69
34 64
23 64
2 26
43 93
6 88
29 42
26 84
73 60
55 50
45 79
10 25
67 48

197
18 1 12 9 17 15 12 18 5 8 9 18 2 7 15 14 15 8 2 3 5 19 2 7 9 5 19 5 8 6 6 2 1 11 10 17 7 9 1 8 16 19 1 18 8 17 13 11 7 3 17 14 12 15 7 6 19 12 14 4 7 9 1 17 12 12 11 14 11 9 13 10 1 7 18 2 3 15 19 13 15 2 11 14 11 6 15 17 14 8 13 13 9 11 2 12 7 6 2 1 11 19 5 4 2 2 15 14 16 13 6 18 14 6 3 17 6 4 17 4 7 11 8 5 15 14 16 14 2 7 17 10 9 7 4 3 7 18 2 17 19 9 1 5 18 8 12 3 13 1 6 10 13 7 17 6 6 16 3 9 17 8 1 11 7 19 10 2 19 7 9 9 16 4 8 16 13 1 4 19 19 15 7 18 12 15 16 13 10 15 17 15 10 6 1 4 2 
100
143 180
38 169
37 45
1 115
23 40
144 112
134 1
151 106
135 162
39 187
76 100
5 161
52 19
106 147
75 6
20 79
94 41
4 62
79 109
8 27
34 107
164 15
62 93
63 151
57 100
181 40
156 98
33 75
130 187
196 195
195 44
148 158
67 20
136 25
166 45
32 83
94 57
146 73
46 70
148 170
6 150
110 85
124 122
79 93
152 33
27 159
84 194
113 96
140 55
52 131
59 129
54 38
16 121
91 77
91 67
26 174
127 137
191 75
150 5
186 145
170 63
185 142
78 62
181 89
149 4
85 156
118 178
135 10
153 174
187 75
96 136
102 42
166 146
62 115
196 164
10 69
130 83
149 106
119 123
121 158
51 142
53 22
164 129
36 19
100 128
158 52
114 49
30 119
119 182
132 194
41 8
40 93
130 76
108 14
164 176
130 79
114 12
132 60
195 18
183 143

59
2 15 19 1 3 3 2 5 16 2 7 8 14 1 13 9 19 12 5 14 13 4 3 15 1 11 19 14 14 6 4 2 14 15 6 2 5 9 18 4 17 7 16 4 4 3 12 12 7 14 11 7 5 15 15 6 13 17 11 
273
7 15
58 27
19 57
12 16
4 32
48 45
18 22
8 2
35 52
23 41
40 44
37 26
17 29
29 6
28 34
48 6
3 49
29 30
8 37
57 38
38 39
17 58
50 19
30 22
33 38
40 27
27 5
23 14
14 2
16 52
55 5
47 55
50 1
20 44
47 52
20 8
52 14
3 24
2 48
50 32
15 30
53 51
34 24
55 51
8 3
43 33
27 54
1 3
28 57
9 4
8 25
47 35
33 32
54 10
7 46
54 5
50 26
25 22
21 49
50 52
21 58
51 57
49 34
19 8
36 48
22 13
3 22
31 37
36 20
36 10
44 42
18 4
31 29
56 18
2 4
38 15
26 2
3 33
49 13
29 32
24 18
19 33
37 17
23 13
34 2
56 46
28 37
24 13
35 13
51 14
48 57
40 46
27 18
14 17
29 45
51 26
46 53
54 43
51 28
56 43
3 39
4 31
23 19
10 14
34 23
24 12
42 23
37 44
55 43
52 3
21 39
57 41
11 31
3 13
36 5
55 11
36 6
30 26
55 31
2 20
35 26
1 41
30 20
6 43
16 32
31 39
49 11
11 43
10 11
53 8
14 4
10 47
47 58
42 21
17 49
45 42
53 31
34 53
46 5
50 28
51 16
18 28
23 18
6 37
6 41
42 51
19 40
56 2
34 19
52 27
24 36
58 54
48 51
10 53
33 40
6 22
30 42
39 58
32 17
35 7
11 53
18 54
32 23
10 43
19 2
15 3
57 20
5 29
44 8
49 32
31 23
25 33
14 36
22 20
43 21
47 22
47 57
9 51
5 42
47 23
20 55
14 30
38 30
35 12
9 19
36 2
12 27
38 3
55 9
12 37
7 30
41 15
54 23
23 33
44 6
30 28
21 4
30 13
36 43
54 55
53 43
4 5
58 23
56 5
37 16
36 53
4 57
7 22
39 11
23 48
6 51
39 1
22 39
22 2
34 39
49 55
6 42
37 41
44 25
38 29
57 2
43 2
1 33
5 11
39 56
2 47
40 31
14 8
30 36
31 9
2 37
23 9
41 8
49 45
50 38
7 43
15 51
56 17
19 43
27 19
44 5
22 34
16 19
6 57
53 24
4 10
57 31
55 57
57 35
13 55
58 6
31 51
51 19
15 44
16 18
21 52
49 7
9 56
41 48
23 38
30 39
50 43
3 5
21 26
55 52
26 53
41 12
49 50
25 49
49 40
41 35
49 37
27 33

65
13 9 14 6 1 15 6 7 16 19 1 15 10 14 4 17 19 2 8 16 6 1 2 11 19 16 6 17 13 11 15 14 14 19 10 12 17 4 6 1 17 10 9 5 17 13 16 19 18 13 8 16 2 19 8 7 11 9 16 9 5 13 2 3 9 
530
64 31
34 10
23 58
44 12
22 61
59 55
1 15
56 31
22 46
25 9
19 53
4 16
6 29
47 3
41 34
49 26
15 20
50 51
24 59
63 61
1 56
22 45
27 52
4 42
34 6
47 31
51 46
48 9
54 50
35 59
35 38
27 19
41 9
20 9
58 37
22 25
33 34
62 55
28 19
35 44
39 14
40 6
23 10
37 38
58 28
7 5
53 62
41 50
16 57
34 28
29 57
31 33
44 20
44 46
32 21
32 46
50 29
8 41
33 35
61 54
6 12
56 57
9 52
41 2
3 28
49 47
27 38
25 34
29 23
51 54
3 51
26 34
64 50
20 64
3 63
38 56
27 14
53 29
59 47
43 19
42 8
24 37
56 20
41 24
39 6
20 13
45 14
3 31
13 36
51 17
23 52
27 31
41 40
18 55
56 32
8 33
38 10
48 10
13 11
12 45
60 37
58 36
42 41
6 50
26 25
52 41
17 2
6 43
26 42
58 50
36 34
27 2
48 17
22 5
11 16
38 7
32 17
12 56
27 41
38 58
9 14
52 64
53 55
32 58
41 43
26 6
35 56
54 23
27 25
53 63
8 2
60 51
27 49
35 41
32 24
7 52
10 54
28 50
3 15
48 56
37 21
38 21
5 26
58 24
25 50
41 37
40 60
12 24
60 44
22 19
17 3
25 63
6 30
40 64
25 24
35 13
25 7
20 46
47 56
8 47
21 22
36 47
44 59
8 4
58 41
5 28
18 32
63 14
63 58
31 25
57 55
19 6
21 64
7 64
39 10
43 53
53 33
63 51
59 57
33 63
46 27
20 58
64 56
5 8
8 36
41 17
26 33
12 11
5 42
51 34
1 52
34 46
29 1
62 8
35 20
42 1
3 11
17 28
8 21
1 21
55 44
46 23
50 59
29 13
5 45
34 29
10 43
35 28
26 47
41 56
11 41
5 13
48 3
38 32
47 24
7 40
8 43
39 36
20 14
13 15
49 51
11 33
25 29
26 46
5 33
31 58
38 41
44 64
48 1
62 7
7 37
52 42
50 24
29 64
7 48
44 26
31 8
18 9
2 4
20 31
47 20
45 57
47 38
18 24
8 38
47 45
20 59
35 24
37 5
64 42
26 35
33 14
5 51
25 64
11 43
42 10
61 64
48 21
21 18
20 43
16 13
51 44
40 63
9 27
45 25
20 27
5 9
38 12
32 33
55 49
33 30
57 10
33 55
35 5
4 56
24 60
1 2
6 46
1 12
41 64
56 44
25 13
12 35
7 15
43 59
39 22
56 25
53 3
17 34
51 31
8 34
13 2
39 30
35 52
42 15
39 15
18 45
17 7
12 31
48 32
49 7
21 49
58 15
18 14
17 25
57 5
16 5
55 37
50 17
64 22
51 53
45 46
43 58
11 63
12 46
15 49
13 40
33 57
26 58
20 48
21 60
41 22
58 45
38 16
64 55
18 17
1 50
62 28
24 21
60 53
16 20
53 13
14 26
23 12
18 25
64 54
43 16
61 31
36 12
49 59
19 58
35 10
4 36
23 2
47 57
15 48
1 20
57 13
16 52
41 18
1 53
32 3
56 17
55 16
39 49
41 59
18 49
36 26
9 7
53 64
53 47
59 6
42 31
48 62
39 48
17 42
43 33
60 42
33 51
1 54
28 1
12 19
14 36
47 35
64 59
57 35
18 60
49 50
39 31
16 64
62 51
31 53
7 46
51 39
24 28
40 5
27 54
57 27
45 7
37 17
26 41
60 13
13 12
37 14
39 5
34 37
3 57
6 10
1 41
41 49
55 46
40 58
27 43
12 39
57 43
53 44
1 4
6 32
30 62
15 11
21 57
5 14
51 12
46 28
20 23
12 49
6 51
13 18
56 29
17 47
45 54
54 25
15 41
10 14
22 38
28 63
31 10
51 8
43 52
57 49
37 47
44 41
10 52
61 37
7 35
60 20
58 25
50 26
45 26
59 53
10 18
18 20
1 57
17 26
14 3
60 56
53 57
49 42
8 37
23 13
11 37
40 15
16 45
24 57
11 20
5 59
62 12
12 2
28 31
40 32
55 34
42 30
23 63
19 40
38 28
40 51
14 54
36 22
4 31
9 2
53 18
18 22
45 50
37 35
28 9
51 7
26 23
16 54
43 17
9 3
13 52
23 11
9 42
52 40
45 37
26 1
6 17
17 53
54 33
62 60
16 21
43 54
53 16
62 52
41 14
53 42
37 1
24 31
4 54
22 37
52 34
63 47
24 6
18 44
30 37
22 7
30 34
18 15
14 28
50 33
7 2
35 23
37 13
55 40
35 48
4 39
52 24
4 3
14 40
54 48
56 52
54 55
42 20
10 60
3 23
52 21
8 18
36 23
62 59
9 40

195
8 18 3 16 14 8 6 7 15 14 7 19 10 12 9 18 2 3 3 16 9 4 10 9 6 2 5 1 17 2 19 10 14 9 2 19 18 14 10 7 12 9 7 15 9 19 18 10 7 16 11 17 10 8 12 16 13 13 12 6 7 7 19 19 3 14 5 8 1 6 10 13 8 16 10 15 5 3 5 19 15 18 1 4 13 15 11 2 18 4 2 6 15 13 4 6 1 5 17 7 19 18 13 12 17 10 4 1 12 3 7 17 12 3 19 16 12 2 16 16 19 18 6 1 5 14 8 13 18 18 2 9 4 15 19 19 11 1 11 13 16 8 7 8 3 2 6 5 2 16 18 7 13 17 11 12 13 6 2 17 17 11 10 4 15 8 4 6 12 8 12 6 19 6 9 11 9 2 11 7 6 18 14 19 1 8 11 14 19 12 4 7 4 6 8 
377
144 96
114 142
58 172
86 165
66 9
13 9
162 112
182 171
101 79
194 104
129 86
36 80
160 185
39 44
137 96
76 135
162 54
89 44
56 48
49 91
186 149
187 138
59 5
126 37
47 175
145 87
53 89
4 57
25 33
21 62
56 156
145 23
115 70
70 123
35 145
18 174
150 11
24 132
32 50
134 120
169 155
25 161
35 28
192 165
41 79
5 106
140 9
152 56
33 49
41 88
117 68
154 168
183 99
94 137
63 176
46 155
108 188
94 34
103 170
173 85
168 24
159 134
79 109
27 120
170 58
99 152
154 127
54 144
162 48
169 34
112 11
78 136
77 50
53 114
31 187
46 86
125 182
115 41
182 166
81 152
107 78
3 190
150 123
40 57
115 59
92 86
87 173
173 86
34 29
134 36
95 152
100 125
108 160
165 91
38 151
29 153
8 73
15 163
33 60
58 127
77 4
4 33
184 77
25 170
45 75
172 62
27 150
64 23
106 40
93 157
192 64
75 183
74 129
127 130
2 100
81 11
141 166
35 65
168 141
71 30
35 160
69 140
140 180
156 47
27 114
139 27
128 5
162 102
98 119
98 128
89 180
161 77
160 125
157 4
99 86
172 53
170 132
17 72
193 96
121 139
28 20
46 176
47 71
16 67
156 30
68 135
163 74
98 104
138 161
43 40
90 146
105 41
154 15
58 146
7 21
112 100
70 118
176 42
129 39
73 11
157 66
150 185
188 164
138 29
125 189
62 36
163 99
128 164
22 57
162 145
118 72
135 175
107 59
158 97
70 108
168 162
189 121
68 105
40 134
138 45
171 184
37 46
161 108
84 79
73 21
5 171
167 138
13 1
103 54
115 131
98 117
44 141
114 130
63 68
177 33
4 93
99 194
176 60
175 78
150 32
98 33
50 96
114 137
141 18
125 124
39 94
130 133
103 152
105 92
117 155
63 129
67 150
139 138
44 142
92 82
42 194
38 166
53 5
167 93
3 144
23 98
67 153
53 62
71 68
81 60
120 159
28 180
33 110
177 6
149 125
138 120
34 151
36 68
129 32
160 12
67 160
82 152
184 166
77 23
22 119
4 137
5 138
150 100
105 181
138 70
184 29
58 33
106 119
2 18
21 60
82 33
176 114
24 106
51 122
127 176
17 192
24 14
142 111
80 18
48 19
21 138
75 100
170 55
114 51
106 153
140 153
52 79
76 96
192 36
55 42
44 54
59 173
95 24
37 82
126 174
39 65
19 67
63 55
25 119
65 138
23 128
92 83
17 55
191 138
19 43
72 125
69 58
187 140
166 54
109 63
193 156
55 138
160 82
4 132
68 6
104 129
80 176
21 192
12 94
194 81
185 187
164 62
189 87
8 74
81 155
188 117
137 164
150 130
32 70
51 96
166 102
92 15
37 102
194 155
67 174
25 15
131 160
32 37
55 153
157 45
108 3
73 164
192 8
94 40
181 77
119 75
176 163
76 11
138 124
147 112
45 70
189 133
46 168
104 44
128 4
104 91
106 8
79 42
118 6
6 64
133 35
77 31
63 35
4 94
19 138
99 105
37 109
54 75
132 27
176 89
94 97
97 185
151 30
145 167
179 143
126 14
184 49
61 124
80 55
31 129
44 130
117 47
158 63
49 81
76 102
21 79
79 162
175 29
40 85
123 178
89 20
165 183
134 181
154 156
112 136
141 192
158 107

44
8 12 12 18 6 2 1 15 10 17 6 12 12 3 2 15 16 6 14 4 18 16 7 3 3 1 17 5 10 18 5 18 15 11 10 7 11 6 19 4 2 1 8 1 
484
15 13
3 13
24 13
8 36
11 38
8 41
28 26
15 41
7 19
11 40
14 8
32 2
27 2
30 34
29 23
43 39
28 3
27 22
17 41
37 6
17 5
33 11
5 26
12 11
19 26
33 5
41 40
37 10
26 12
7 15
11 36
17 26
36 7
13 21
5 24
25 23
1 35
41 10
34 7
16 41
33 10
24 34
38 31
43 4
26 6
14 36
2 24
40 6
39 35
5 3
32 29
30 3
18 16
33 37
34 36
13 38
6 43
26 13
15 43
11 42
38 30
26 18
43 5
1 4
1 23
18 13
28 42
10 30
42 38
34 33
25 34
4 40
4 9
43 31
29 43
43 33
31 8
14 11
3 4
29 38
39 20
17 20
7 13
12 29
9 16
1 21
32 1
36 10
26 27
36 17
31 36
43 2
7 6
30 6
40 25
25 43
20 37
15 6
40 19
11 10
12 41
9 38
25 8
17 24
41 3
35 3
16 3
43 28
41 34
12 17
10 39
9 37
34 17
35 12
13 29
31 29
3 37
35 5
7 4
34 35
41 28
21 5
22 38
21 42
5 42
9 40
19 9
4 28
16 39
6 35
24 35
1 40
22 23
39 7
27 3
40 2
12 23
26 33
11 24
15 17
25 38
18 23
12 40
30 33
13 5
41 22
9 25
35 21
1 16
21 10
3 19
6 13
23 42
16 15
15 31
26 4
38 32
37 26
30 2
41 26
30 42
33 14
3 40
21 4
35 29
30 15
38 28
43 1
39 37
14 41
14 24
32 18
38 10
14 25
37 36
17 11
3 42
24 19
12 28
24 40
42 27
17 7
16 33
34 16
17 1
18 11
22 17
31 10
7 5
5 30
31 3
35 30
30 19
18 19
2 41
15 5
31 14
12 33
29 1
3 24
33 19
1 2
34 42
26 24
22 26
23 39
31 11
25 4
18 14
24 39
36 3
2 35
1 3
42 8
35 38
38 36
28 11
24 23
21 22
27 29
9 20
8 32
16 29
23 21
37 31
20 28
27 35
27 40
27 8
6 33
2 25
16 13
26 42
30 22
29 3
3 26
9 24
30 17
42 25
32 35
19 22
35 19
24 4
24 31
28 22
9 3
35 40
5 9
10 3
33 8
31 22
30 23
21 15
22 10
1 38
20 8
7 23
10 29
13 20
12 2
31 32
18 4
21 27
27 33
43 9
41 1
16 25
36 25
16 19
12 6
2 6
3 32
23 36
34 1
13 39
16 8
36 30
31 13
11 6
15 9
38 5
9 29
12 7
24 16
32 19
37 12
18 24
42 19
7 2
18 12
11 37
32 4
43 18
33 31
2 31
15 23
39 6
20 25
13 19
23 14
22 9
14 38
41 35
7 21
18 31
28 33
24 15
7 3
18 21
33 7
4 35
43 32
8 43
3 43
25 10
30 8
11 5
25 21
25 37
35 9
3 38
5 36
20 27
27 38
28 8
22 43
38 18
4 29
28 13
26 11
6 38
36 19
19 34
13 25
30 29
2 10
38 37
5 39
34 13
38 21
9 31
8 13
16 28
19 41
27 6
23 13
2 36
21 3
11 1
35 31
25 5
34 2
33 21
24 41
23 31
12 38
27 7
34 29
42 7
39 15
25 29
34 40
15 4
17 21
21 36
37 17
36 20
26 1
22 11
10 27
32 5
33 20
23 17
1 15
21 14
34 31
16 21
27 30
40 21
5 4
29 8
23 20
31 19
33 24
2 18
40 32
18 27
4 16
23 5
9 30
1 24
24 12
18 30
23 34
9 32
11 35
23 8
8 22
30 40
6 18
2 26
32 21
7 28
1 5
24 36
24 27
30 13
7 22
43 14
28 35
27 5
39 21
23 27
26 7
7 25
34 12
29 2
27 39
36 6
8 4
34 28
1 28
5 2
22 14
24 37
41 23
31 41
39 14
13 4
33 32
1 12
8 40
18 25
39 19
32 14
27 36
29 11
39 26
30 1
42 15
40 38
26 34
27 28
36 41
33 1
40 10
25 6
38 17
4 14
23 10
21 37
20 2
3 14
2 37
16 23
6 42
9 18
2 3
15 22
41 25
34 18
39 11
2 11
43 42
7 10
31 12
35 23
1 6
22 16
40 28
22 32
25 12
6 20
37 40
19 12
32 23
36 26
5 41
15 36
28 6
24 28
15 25
9 14
10 15

141
2 4 16 9 8 11 18 13 4 4 5 19 17 13 6 1 18 11 11 1 3 2 16 2 2 18 19 13 17 15 1 16 12 2 1 12 19 3 16 17 15 15 4 4 6 7 5 14 1 11 6 5 17 4 3 10 7 15 16 19 9 19 6 6 8 2 12 7 15 17 17 3 11 17 17 16 1 6 17 7 4 11 14 13 13 17 4 14 17 7 10 7 15 12 13 18 15 13 1 17 9 14 2 4 2 15 3 12 7 5 1 19 7 15 10 18 17 8 1 11 10 1 1 6 13 12 11 15 2 6 19 13 13 7 11 12 13 12 12 6 2 
57
82 36
87 100
106 87
124 110
12 48
51 101
14 87
3 127
118 21
71 80
89 42
21 103
87 76
27 15
52 24
107 56
88 1
26 127
126 78
71 87
140 74
3 92
5 1
54 40
136 90
6 56
116 52
45 14
12 120
2 25
30 82
85 29
32 65
130 15
76 23
114 97
110 55
105 127
37 40
2 39
20 57
6 4
17 4
89 121
9 8
120 55
19 7
22 47
124 136
126 123
23 6
24 109
86 9
21 119
131 97
50 45
67 63

165
12 13 2 9 5 6 15 1 3 9 16 6 1 10 18 11 14 4 14 6 14 6 7 9 8 12 19 7 9 6 18 18 5 12 17 8 18 11 2 3 17 17 12 2 13 13 17 8 5 5 2 7 2 5 12 2 4 5 15 10 8 16 6 8 1 10 13 6 18 14 3 7 11 1 4 9 2 13 9 10 5 5 5 18 14 1 13 15 2 11 13 5 13 17 15 14 15 3 2 18 9 6 5 9 3 16 3 13 1 7 15 19 16 3 6 19 10 14 16 2 11 10 5 6 16 1 11 4 2 5 1 16 14 11 10 12 4 6 12 12 11 6 14 19 6 11 11 11 11 2 1 2 1 13 15 13 8 14 5 4 8 8 13 2 11 
380
87 82
48 131
22 43
89 96
14 65
98 10
99 26
25 65
159 67
120 52
105 101
14 93
80 44
105 149
26 8
131 144
134 66
95 27
13 66
13 62
122 88
42 141
153 55
107 37
88 96
84 90
24 139
21 76
68 10
55 83
64 54
150 61
87 126
15 11
9 67
51 72
37 18
122 115
104 135
153 102
137 142
101 83
151 131
85 10
55 67
49 69
33 105
59 36
21 23
152 76
19 61
96 153
117 109
60 70
160 51
43 137
5 1
10 125
18 146
11 158
119 108
44 88
99 79
127 118
8 134
21 146
44 109
60 97
89 97
118 56
36 46
9 113
91 80
136 53
65 37
95 120
55 143
16 46
83 51
69 82
47 25
145 29
139 68
150 47
118 16
163 112
65 63
11 143
2 85
127 137
112 55
84 111
162 134
2 10
144 61
90 36
46 147
119 137
100 102
44 72
112 157
37 92
96 69
99 131
120 68
109 19
41 66
12 24
137 144
70 164
4 124
22 8
135 26
137 39
159 141
47 21
160 31
46 47
63 55
30 134
151 85
6 51
114 2
13 83
50 36
150 20
156 118
128 153
120 26
153 137
72 73
151 42
145 86
161 25
59 135
84 162
41 110
71 89
96 9
39 136
7 141
140 22
27 43
43 111
30 10
75 39
66 57
145 11
46 127
130 95
27 32
35 130
87 47
155 145
107 96
19 18
45 70
162 25
74 134
122 117
12 86
131 80
1 11
141 103
91 32
89 78
74 26
121 66
4 14
106 85
52 150
3 150
159 6
33 109
131 66
82 103
125 107
14 114
117 153
110 109
22 29
59 155
54 37
111 62
61 115
95 67
46 139
135 130
97 103
148 113
41 147
164 114
94 41
160 116
136 107
63 105
13 128
160 64
90 141
88 121
77 109
131 67
130 44
144 113
118 19
74 105
80 160
15 114
89 51
141 83
109 34
48 150
118 109
54 112
148 143
49 162
134 99
4 122
2 70
131 79
157 72
84 57
2 103
33 140
43 6
124 77
24 65
67 65
52 158
145 74
34 74
66 11
129 135
126 24
109 30
108 123
134 96
41 115
107 32
10 12
152 159
2 37
66 160
140 93
14 91
76 135
139 141
28 134
86 31
121 118
81 78
43 23
45 131
34 21
25 151
164 61
19 6
6 37
43 46
18 155
155 2
31 133
152 32
25 66
53 139
41 162
71 95
105 46
49 147
68 58
20 41
23 158
69 7
76 151
133 12
57 98
41 135
153 134
67 145
92 46
32 76
122 62
155 149
127 121
5 108
134 87
67 56
1 13
157 58
94 132
16 158
160 77
59 81
60 35
60 4
15 45
90 122
17 149
51 17
15 85
87 36
118 12
70 52
38 12
42 43
139 51
88 6
69 135
105 141
115 9
72 93
99 102
80 76
148 101
68 26
104 71
52 6
97 30
150 90
102 5
3 66
5 43
58 61
123 135
59 69
32 86
54 149
39 12
58 24
41 40
8 30
97 6
62 131
151 77
96 119
145 150
4 147
87 119
141 22
48 68
19 2
39 11
50 2
34 118
126 158
142 5
45 100
88 39
78 158
118 153
137 133
140 84
148 152
91 121
161 117
80 68
146 44
146 23
36 140
72 97
150 123
6 101
120 48
12 161
127 116
59 68
30 16
55 15
59 134
77 48
23 16
61 157
153 47
82 49
80 36
50 160
80 151
37 82
100 23
68 134

62
18 7 19 2 16 14 13 19 15 3 10 2 5 16 14 5 18 4 11 11 7 1 15 3 1 5 17 18 6 3 4 2 8 12 3 2 17 3 3 12 5 1 5 11 14 5 2 14 13 12 10 10 14 1 11 7 11 10 7 14 17 18 
143
38 57
50 9
59 50
40 25
46 30
44 35
52 50
23 36
27 31
58 33
16 55
53 37
4 14
32 10
7 16
35 42
1 37
44 7
7 30
9 56
23 25
7 37
57 30
17 1
45 14
38 6
57 49
1 4
22 8
39 1
27 6
36 49
44 42
22 53
19 31
39 19
3 36
38 23
20 43
17 53
55 33
10 25
17 27
28 51
21 46
25 26
57 4
44 17
35 14
36 44
20 61
43 51
32 54
47 52
33 21
7 57
21 39
53 40
9 49
36 31
2 40
15 49
31 5
33 51
41 21
52 57
35 36
49 11
31 11
8 18
11 60
52 9
61 19
5 57
8 52
61 46
34 30
48 17
36 17
51 59
39 5
41 57
27 54
44 20
37 45
51 29
45 17
40 20
25 57
7 45
43 25
26 36
43 52
2 29
7 59
21 56
50 32
40 61
15 54
5 2
46 39
39 53
6 44
23 13
43 13
27 51
38 25
50 41
28 40
48 15
16 41
10 34
9 31
47 24
6 33
42 13
38 42
21 15
54 40
36 32
9 13
29 8
4 2
23 57
19 6
27 25
33 34
52 2
43 36
19 50
52 28
22 29
37 2
53 27
9 8
16 33
35 30
58 7
58 14
22 3
2 22
36 20
33 50

185
9 11 19 13 14 15 5 11 7 14 6 16 9 15 5 13 8 6 15 18 18 5 16 5 7 3 12 16 6 19 18 1 1 6 18 14 4 3 13 8 6 14 17 3 2 17 17 17 9 12 10 9 2 9 3 17 6 14 10 10 2 5 13 17 7 11 9 17 1 6 6 8 15 14 15 3 11 12 4 2 19 7 16 12 11 18 4 13 19 16 8 2 14 7 12 8 8 8 17 10 9 12 8 3 10 15 16 12 15 13 15 6 3 10 11 17 18 12 10 13 8 4 13 1 10 13 13 3 9 19 3 1 15 6 9 12 13 14 1 5 15 16 2 16 18 10 8 18 6 19 1 5 4 3 12 2 7 4 19 4 9 6 4 1 15 15 10 10 1 11 19 9 3 3 5 1 6 3 14 15 7 16 9 18 6 
755
159 133
181 149
163 92
130 35
57 183
139 122
66 163
132 72
55 3
159 102
59 63
147 91
124 184
174 32
51 22
96 144
58 151
134 165
15 99
182 76
135 150
75 7
33 85
142 66
176 168
126 53
1 117
170 77
125 154
28 5
84 98
136 22
23 72
13 12
110 124
52 140
127 86
39 33
113 96
65 126
47 90
54 155
149 177
133 183
98 37
156 72
148 112
160 138
40 123
163 76
116 36
35 121
156 63
8 67
174 49
67 139
63 89
62 138
10 110
147 144
150 148
105 47
160 43
40 60
174 148
181 52
94 37
12 110
94 147
178 104
15 184
142 111
176 94
39 142
112 136
53 80
96 38
51 71
54 93
44 149
33 160
157 1
121 174
109 58
126 82
119 43
31 91
52 156
24 39
42 20
40 18
155 144
35 155
173 90
57 82
69 148
77 73
142 99
46 83
51 184
128 85
108 72
149 63
36 11
78 19
37 66
86 106
159 82
111 131
41 146
100 173
126 55
64 162
53 92
118 110
134 122
94 75
165 58
74 55
83 130
37 20
160 74
4 111
114 14
107 184
22 29
73 39
181 45
119 151
28 113
112 91
88 104
38 107
125 115
39 54
139 136
63 11
47 112
137 57
10 14
133 172
144 141
25 28
161 75
161 61
103 60
52 74
132 4
47 8
110 44
56 103
155 153
9 78
179 35
90 115
120 134
140 114
109 129
163 21
143 100
180 126
122 9
44 115
151 41
88 165
17 60
19 168
45 76
183 175
157 168
168 184
119 10
79 16
124 75
69 96
175 35
72 27
42 83
137 39
6 145
162 52
10 19
144 136
111 41
127 120
90 63
82 13
86 103
100 160
71 92
153 122
63 70
152 172
175 140
149 50
90 77
99 102
14 93
177 134
16 100
64 172
39 36
172 32
72 105
28 105
132 54
116 88
82 161
79 113
113 114
18 87
105 148
116 125
45 146
70 9
137 149
90 135
161 58
140 45
5 100
148 102
130 13
88 174
87 101
117 114
159 28
139 82
118 143
138 80
171 78
148 31
136 37
182 45
150 6
146 91
29 140
30 131
179 46
149 18
127 12
171 101
49 115
5 96
182 170
123 170
105 145
25 22
167 22
57 30
177 89
164 80
164 129
86 105
52 167
25 169
40 68
182 83
154 169
164 137
139 107
23 44
48 116
29 173
95 14
167 65
30 43
124 159
21 45
166 38
146 66
87 123
47 177
25 177
48 117
23 24
48 33
143 125
147 68
18 135
98 163
160 148
93 115
176 106
147 82
77 15
136 49
168 38
64 130
120 56
54 126
130 47
15 2
157 46
110 168
10 62
54 180
49 161
136 184
151 35
80 52
159 5
110 83
43 23
140 66
89 98
9 137
54 48
83 29
14 53
35 93
174 82
115 130
9 121
184 138
112 176
98 76
130 66
156 32
5 183
59 106
106 179
9 42
115 34
117 67
25 157
147 115
172 85
73 72
181 87
72 107
119 89
86 120
48 180
113 102
3 82
77 39
110 65
61 143
43 65
68 137
63 122
95 126
103 30
96 41
114 62
75 1
87 102
16 66
56 179
33 162
169 70
63 57
122 176
74 166
30 22
124 149
159 76
141 63
65 111
11 41
153 172
100 22
146 25
95 36
172 96
3 170
145 149
140 150
35 11
110 49
22 145
56 101
176 144
120 37
67 142
34 112
37 22
156 124
69 49
94 117
170 104
130 87
180 25
72 147
86 65
101 17
41 97
42 181
161 147
156 8
104 57
154 116
172 89
161 66
121 50
116 60
60 54
1 182
8 16
49 93
122 7
5 16
154 22
108 87
166 33
38 2
95 75
79 96
102 14
51 129
51 69
148 7
40 54
94 127
18 85
44 165
116 143
175 88
76 124
26 45
39 104
167 140
65 173
38 125
24 31
124 71
149 14
116 12
41 160
85 121
119 173
80 46
94 66
115 7
53 103
155 44
63 65
71 1
135 13
12 176
111 5
115 13
30 75
108 28
31 34
87 48
73 16
132 183
166 145
109 95
92 45
87 41
30 147
151 167
151 113
104 142
111 94
129 135
161 103
167 138
171 125
133 33
14 113
62 50
157 17
166 31
107 88
75 141
140 47
22 140
160 115
24 82
14 108
24 66
4 96
162 137
115 155
5 60
104 166
3 61
127 36
169 21
20 86
105 11
120 94
137 143
167 11
176 183
88 181
13 57
102 152
46 51
140 105
163 55
75 136
102 151
114 5
125 53
98 72
86 22
90 25
17 103
161 101
55 141
171 71
58 160
143 156
15 171
91 22
10 96
100 112
152 63
178 168
127 84
138 121
175 72
81 132
115 69
170 23
164 134
179 42
97 1
153 6
37 104
156 58
75 129
68 4
70 181
32 95
14 39
76 144
62 145
119 36
49 139
121 7
154 146
103 148
140 144
78 31
145 48
110 84
152 182
70 148
60 44
50 39
144 165
138 178
157 15
158 55
172 102
180 66
61 145
32 58
176 50
90 69
106 147
84 81
65 49
117 127
130 150
1 134
43 39
65 77
157 124
101 148
69 161
73 148
103 115
74 175
149 16
17 122
97 179
152 29
165 116
136 117
95 9
162 154
82 29
7 21
80 85
56 124
10 32
164 45
150 63
106 74
177 173
149 7
21 123
94 96
57 123
136 82
66 120
44 140
134 59
111 88
27 145
132 108
157 119
119 97
20 172
29 31
102 66
1 43
84 137
95 147
166 28
143 110
59 84
124 107
143 48
42 26
123 111
116 176
25 115
138 174
157 156
66 109
59 50
114 138
137 150
18 128
68 175
119 164
21 144
162 72
160 175
184 120
59 46
60 97
75 179
96 35
167 6
90 19
6 113
106 47
51 141
162 104
48 25
61 98
133 49
100 90
16 61
23 96
147 41
49 173
70 182
101 60
90 41
79 29
90 7
105 165
19 60
155 84
9 158
2 85
139 143
117 32
123 81
174 183
154 70
139 137
82 79
70 36
2 127
170 45
67 43
84 141
170 49
15 46
76 24
102 81
155 132
135 46
65 57
182 80
183 114
175 97
12 31
173 116
144 81
152 107
182 72
58 93
94 128
34 164
69 2
141 136
157 146
68 75
14 73
118 170
167 117
80 116
177 110
100 101
95 44
95 110
175 167
142 90
105 79
116 102
47 110
162 103
76 122
7 51
5 123
137 134
143 113
125 17
109 161
7 183
67 49
107 102
58 105
105 134
39 74
67 4
8 172
124 94
9 81
35 75
66 116
9 80
79 5
178 68
37 158
138 122
28 167
10 60
62 181
5 62
18 123
139 93
181 84
49 172
11 128
52 28
72 62
73 13
63 155
24 53
81 80
170 162
153 174
64 74
23 125
56 126
18 101
87 159
98 112
13 129
13 67
25 142
23 97
85 138

36
5 7 3 14 1 13 13 14 4 6 13 16 10 19 3 10 3 6 3 4 1 16 15 8 5 2 7 17 17 11 3 17 10 6 8 5 
443
32 27
23 18
17 2
16 13
5 15
26 27
5 25
5 28
8 4
31 1
10 15
34 28
1 7
23 7
7 22
25 9
35 9
5 22
4 30
27 8
32 6
11 7
22 33
19 32
26 25
6 9
20 23
29 13
6 17
26 9
9 13
35 2
4 34
1 30
25 34
14 30
1 2
20 29
13 35
11 23
8 34
29 31
30 15
15 12
1 15
25 8
6 34
4 25
19 3
27 30
5 32
29 26
28 1
30 25
11 31
33 32
1 21
19 1
11 15
29 34
34 7
16 11
13 19
33 14
5 19
33 31
17 14
19 26
15 23
16 22
7 32
16 35
3 23
33 28
2 27
23 25
9 15
7 9
18 30
3 16
29 24
14 35
4 32
8 19
10 23
17 18
5 11
13 20
19 4
5 35
12 9
3 14
32 30
22 14
14 31
30 13
5 4
30 22
15 31
29 32
33 19
12 6
11 34
8 26
15 14
5 26
18 8
35 21
2 19
34 1
18 34
16 27
4 6
29 30
1 11
16 5
5 33
15 35
1 20
15 2
35 25
7 6
26 34
34 3
1 9
15 25
5 24
25 29
2 4
1 18
21 28
19 28
13 4
8 22
11 12
4 31
15 17
15 6
27 11
7 29
24 15
34 10
3 28
1 23
6 21
15 18
1 13
16 1
30 9
4 23
3 15
20 32
5 12
24 9
17 8
16 30
35 7
13 28
2 31
27 33
35 24
19 21
20 18
17 11
12 7
30 20
29 12
1 6
16 4
9 33
20 17
6 14
26 30
28 16
23 12
11 9
17 16
24 12
21 8
21 4
3 18
6 8
21 20
16 7
13 23
26 21
30 35
4 24
32 9
28 9
34 33
7 14
10 25
31 7
1 14
20 27
5 21
8 33
25 20
8 3
20 5
35 17
16 31
15 21
23 5
29 19
20 24
32 26
19 15
26 28
8 35
16 6
24 16
1 27
35 4
29 11
25 28
24 1
19 12
16 25
6 24
12 26
22 1
9 3
4 17
18 4
9 2
1 10
20 31
19 23
31 8
24 22
29 27
21 22
5 17
33 4
27 9
14 8
13 32
23 35
26 10
28 30
21 17
30 6
31 12
29 28
13 15
33 1
2 6
13 6
33 26
11 30
1 4
30 2
3 32
34 17
34 35
34 19
22 20
6 25
9 4
14 27
5 29
8 11
4 3
18 33
22 11
7 5
28 14
4 11
10 29
17 24
17 13
26 15
16 18
31 30
2 13
6 28
25 22
33 11
27 35
30 34
21 29
27 4
33 12
3 7
22 28
5 27
21 10
33 6
33 29
28 4
12 8
14 25
18 26
11 2
5 8
33 17
5 18
1 3
28 2
35 19
17 25
13 24
26 4
32 35
15 8
13 7
22 6
17 27
16 34
23 32
30 7
29 23
19 6
33 2
25 12
20 11
7 4
10 12
26 24
12 30
7 18
32 14
6 27
8 16
29 2
13 21
27 7
27 21
26 35
11 32
1 17
12 22
2 3
28 7
28 27
16 9
30 3
12 1
2 18
16 2
24 8
31 3
24 11
31 22
31 17
1 32
26 11
1 26
14 12
21 34
25 3
15 4
9 5
34 23
9 10
14 21
5 14
28 32
30 23
19 30
18 13
25 1
34 32
12 16
17 32
14 34
16 14
18 11
23 9
21 7
29 16
5 31
31 34
31 27
20 14
2 22
10 18
3 6
21 32
24 7
16 23
28 35
12 3
13 10
34 9
17 26
30 33
29 18
19 7
3 10
26 22
4 20
28 17
10 11
34 5
34 12
13 11
6 20
12 4
13 31
31 24
10 4
12 2
9 22
35 3
27 10
7 25
12 18
10 14
13 33
9 17
16 19
25 21
34 22
30 17
7 2
34 13
18 27
23 6
33 24
25 19
11 21
13 26
28 15
30 8
11 35
12 20
12 35
23 24
26 3
31 26
29 22
9 14
8 1
28 10
21 30
8 23
23 17
5 6
12 32
11 28

161
10 11 8 6 9 3 3 5 18 4 19 7 17 2 16 2 2 19 1 13 3 9 13 14 9 6 16 10 9 1 4 12 4 3 8 3 1 15 15 4 1 10 14 5 6 10 2 10 12 2 15 9 8 7 19 12 4 13 13 17 19 16 4 19 2 1 17 11 2 4 15 17 13 12 7 9 2 19 8 10 13 16 2 5 6 5 17 17 9 17 18 2 8 14 18 11 17 17 1 11 17 11 7 8 19 3 10 17 2 8 12 7 11 15 13 3 8 14 2 17 15 8 1 18 18 17 9 6 4 18 3 9 11 5 9 19 17 14 12 10 14 14 11 8 11 4 1 13 15 14 12 4 19 19 14 1 6 2 6 9 15 
67
32 123
104 31
67 60
132 114
114 71
80 9
125 7
60 100
160 128
100 2
68 126
50 107
92 152
83 88
106 145
61 154
93 56
32 29
158 60
145 45
74 131
17 15
59 58
112 45
70 31
120 4
157 85
92 69
49 6
19 15
144 158
29 104
89 95
46 100
32 24
147 16
62 108
146 68
49 103
28 134
104 116
17 142
128 60
116 56
146 106
33 88
91 108
4 37
56 149
135 95
8 121
159 107
110 157
25 99
73 112
7 51
49 18
93 134
28 75
55 102
28 114
16 81
28 21
118 67
104 98
94 158
118 136

87
13 13 10 17 6 12 15 19 16 19 18 1 7 2 2 2 6 15 9 8 16 2 3 1 6 15 16 2 18 1 6 14 18 8 8 12 9 19 15 17 7 4 14 11 15 4 4 1 12 10 4 10 8 2 14 14 9 16 14 4 6 17 5 6 15 11 13 3 3 15 16 8 16 11 5 11 17 13 16 6 12 3 11 12 16 16 13 
812
81 23
53 30
28 18
41 83
7 75
60 70
50 59
19 36
79 57
33 44
70 63
38 8
61 6
58 77
38 53
64 23
78 4
50 5
19 79
32 38
27 32
9 6
78 42
80 6
56 13
46 12
11 40
84 4
11 10
69 67
51 21
30 24
26 14
77 24
64 76
17 13
18 54
56 5
53 59
30 72
83 46
40 18
32 77
37 77
40 14
39 59
24 48
1 80
3 64
4 71
46 75
53 85
72 41
19 70
83 22
64 86
29 64
72 32
83 31
62 22
9 28
74 40
66 33
35 29
52 71
8 83
27 21
9 52
3 69
45 77
32 70
47 46
17 27
35 75
8 2
73 43
82 8
68 52
60 29
24 44
21 76
85 36
41 13
27 35
55 31
54 42
36 28
10 34
80 5
76 2
21 69
40 69
78 32
10 28
11 72
40 84
66 9
37 16
83 27
4 2
20 34
57 2
37 48
23 53
5 67
45 56
32 24
84 77
7 23
66 69
74 8
41 74
57 24
10 18
32 84
65 28
61 12
59 64
30 62
52 83
31 52
56 76
31 86
44 60
10 49
18 7
59 73
15 40
50 67
28 50
62 35
85 50
7 63
74 10
44 57
2 46
25 18
12 39
12 42
29 16
62 81
2 6
35 74
25 16
19 67
32 83
42 35
58 56
18 20
73 32
47 85
20 86
63 4
2 77
78 17
38 39
74 14
33 19
31 15
40 52
10 65
47 86
69 85
52 32
16 74
67 77
68 25
82 14
36 72
58 19
79 54
23 48
76 49
9 42
4 69
28 57
28 62
54 21
48 85
18 15
36 84
53 61
59 9
49 67
21 16
32 15
45 37
46 53
28 11
80 72
85 10
63 49
79 83
63 14
46 55
78 14
20 12
81 18
42 23
33 1
71 86
1 32
12 15
48 19
60 38
65 48
53 56
9 49
53 69
33 12
24 72
79 80
45 71
10 39
65 59
12 32
35 21
74 30
63 35
34 26
5 33
51 71
50 13
56 26
37 46
84 9
23 77
62 73
55 38
34 6
32 75
58 40
51 23
74 53
81 42
4 38
22 66
58 59
61 85
31 59
48 38
16 55
62 41
40 73
70 20
14 60
13 40
27 5
65 14
48 20
60 27
19 4
48 29
26 64
74 37
69 14
53 29
19 45
40 6
41 17
27 57
85 15
59 35
12 85
25 14
5 74
7 12
16 81
82 38
41 45
7 17
64 56
55 43
22 6
70 50
85 63
9 40
36 33
15 80
39 19
69 25
61 24
31 85
76 32
86 9
76 59
50 41
82 65
77 22
22 28
36 47
30 25
59 10
65 21
66 51
66 17
70 47
66 7
10 16
14 49
31 14
52 38
77 50
49 13
51 13
57 48
45 46
56 60
69 55
22 57
66 24
26 66
51 78
3 11
62 21
84 65
29 42
62 31
74 34
55 12
67 63
73 72
4 35
49 70
60 83
77 15
65 81
53 44
29 82
26 71
54 74
36 44
49 43
20 59
43 44
34 62
30 77
79 8
81 14
50 6
7 34
69 34
63 22
61 72
15 29
47 18
85 80
36 78
50 60
37 57
78 37
21 77
49 79
83 65
54 78
13 22
39 47
46 43
5 53
78 25
76 28
74 4
34 18
82 31
35 78
78 20
80 35
60 30
52 80
37 7
54 50
75 8
27 53
44 13
60 37
6 5
70 85
29 11
82 55
2 53
31 28
81 84
52 86
62 82
66 54
60 78
70 17
46 84
57 84
41 59
54 58
9 85
23 67
63 28
56 9
75 59
28 59
56 32
68 63
60 15
64 77
84 12
68 3
38 37
1 26
11 31
76 1
39 4
17 44
45 1
16 68
56 78
77 76
16 32
36 9
72 38
43 37
35 17
36 1
21 17
55 37
10 37
40 55
82 58
49 17
33 24
49 64
4 48
51 84
15 14
2 35
38 65
76 17
83 28
51 5
69 8
3 4
14 2
54 81
32 74
66 86
72 68
28 79
38 76
74 76
35 52
16 53
37 82
44 3
3 50
54 17
73 5
51 16
76 65
84 1
13 61
83 42
50 39
1 67
48 27
30 36
71 76
33 64
44 19
41 15
67 48
36 23
28 47
52 26
3 70
8 63
79 21
32 13
17 65
22 80
36 73
86 40
53 14
38 46
59 70
81 22
62 56
60 19
17 1
79 46
37 44
41 48
57 31
70 80
55 28
44 75
3 56
57 30
6 24
44 21
60 17
3 67
56 79
72 76
9 67
25 11
84 59
16 78
84 54
23 78
59 36
29 21
40 57
86 56
81 7
81 80
47 13
47 44
15 70
34 14
57 66
86 11
35 57
43 16
79 43
60 7
81 56
37 22
71 68
68 9
30 9
53 11
64 73
4 76
2 38
73 60
42 5
2 27
39 83
63 42
83 19
30 32
15 52
10 53
76 69
38 58
47 3
19 77
71 67
75 12
5 79
26 16
12 48
78 15
38 17
37 47
66 1
77 42
16 44
42 39
55 77
54 29
23 2
64 71
22 51
79 61
79 9
9 21
72 58
36 32
72 82
44 25
28 24
19 86
40 81
53 7
55 8
54 23
64 72
5 60
14 61
10 55
68 27
1 14
30 85
53 47
65 1
80 13
68 33
10 58
14 18
81 2
46 64
75 16
47 43
69 72
18 41
20 54
9 77
55 49
25 34
33 20
44 78
37 3
31 77
19 40
30 61
17 37
58 32
43 3
77 13
47 84
5 81
9 80
42 76
35 44
24 22
21 2
17 26
3 26
75 42
6 66
75 28
60 9
33 51
15 58
3 33
25 70
69 50
12 54
56 38
5 62
17 10
24 60
37 76
83 53
71 63
24 26
45 17
28 1
77 6
17 73
45 62
86 7
73 26
55 57
75 2
32 18
63 76
46 48
1 15
23 70
4 12
32 11
54 9
24 45
84 50
64 38
26 19
64 39
73 18
2 30
82 79
3 58
53 37
10 66
64 54
34 27
52 7
71 31
18 82
24 38
1 56
49 57
36 24
34 36
21 45
76 39
73 56
4 25
26 12
4 47
42 40
68 8
68 59
49 15
75 50
60 86
86 26
2 50
12 72
77 7
83 82
30 56
19 47
40 68
28 38
81 27
60 3
45 78
54 47
64 9
31 1
48 7
37 6
71 33
66 84
14 67
15 6
22 59
42 65
42 15
81 3
61 36
67 86
25 8
61 1
67 74
22 82
1 58
20 75
81 32
21 38
54 71
54 72
28 74
39 85
80 21
69 75
48 36
25 19
71 25
24 8
61 4
34 61
78 13
71 59
77 65
8 65
25 42
64 70
32 34
21 56
81 25
70 71
48 45
4 37
57 12
28 64
39 31
80 31
8 9
42 43
50 68
44 20
65 29
83 3
86 2
13 67
62 24
80 78
76 9
74 43
40 28
66 20
71 8
31 46
21 66
35 68
49 23
86 69
33 62
83 15
4 67
29 17
46 66
42 79
43 78
86 32
78 9
54 63
16 12
68 32
33 15
1 44
80 49
65 20
18 4
4 45
57 38
72 37
16 73
31 81
16 11
71 19
79 55
64 14
77 20
78 61
68 41
47 20
27 84
15 43
28 85
68 64
74 81
68 49
49 29
17 53
34 82
30 7
78 5
86 63
31 2
24 86
72 7
53 78

108
14 2 18 10 2 12 14 2 13 6 16 18 1 16 17 17 12 3 17 4 16 19 11 15 12 4 13 8 15 3 11 6 15 6 13 5 15 1 7 11 13 19 2 3 14 8 5 4 5 16 15 15 4 19 6 3 12 11 9 11 5 10 19 17 4 17 10 2 7 19 14 17 11 7 12 16 16 8 19 6 16 12 6 15 16 12 10 7 14 6 1 4 4 14 10 7 11 14 13 2 11 8 6 1 13 5 14 12 
370
55 100
97 76
9 46
101 18
17 73
19 70
38 6
25 87
74 72
94 52
54 23
78 60
54 105
5 9
96 23
27 12
9 24
107 18
4 22
90 16
88 77
90 56
39 85
59 25
45 3
23 28
54 6
24 76
105 34
98 16
58 52
70 31
38 93
50 37
100 63
20 42
45 98
31 67
55 48
106 101
5 87
101 41
36 102
102 100
55 50
25 45
37 34
49 90
99 71
51 84
78 69
101 2
13 11
17 21
77 14
18 100
66 84
101 10
70 45
67 83
62 102
83 70
79 7
95 93
105 50
39 93
14 1
101 83
87 59
79 25
104 19
7 35
31 87
60 88
101 91
64 99
17 50
49 36
48 104
67 64
18 60
65 38
91 17
54 46
89 24
7 72
8 67
104 12
82 52
91 60
72 71
15 106
65 107
17 57
56 21
33 14
13 77
36 66
14 48
77 35
1 54
98 74
8 15
31 75
57 40
14 69
43 52
106 23
102 49
98 31
3 85
52 71
81 6
82 15
52 62
53 46
48 105
13 15
94 2
72 87
51 66
27 78
48 94
64 89
13 18
102 7
75 50
38 91
43 30
30 17
54 58
75 6
88 91
41 4
4 8
98 17
78 82
22 66
74 13
82 53
98 7
16 96
63 90
85 28
33 98
35 71
1 25
107 52
73 58
4 90
82 44
91 41
30 23
31 83
56 93
63 73
33 78
53 4
13 42
106 67
16 79
33 107
90 65
106 46
50 31
21 62
21 91
73 34
73 2
51 74
46 57
49 58
57 55
105 43
39 6
62 10
19 46
72 67
77 25
81 88
22 39
13 9
58 41
91 76
71 102
69 6
104 64
98 69
40 77
99 51
85 54
9 31
55 4
61 87
54 37
27 79
54 70
35 34
1 39
48 8
57 35
68 57
107 16
28 61
89 95
99 102
27 32
41 59
4 107
94 98
49 93
60 2
35 17
39 52
48 24
44 48
33 53
23 42
86 51
52 57
39 82
62 55
52 102
24 82
56 55
43 51
32 19
34 96
101 53
36 18
8 46
101 68
82 17
18 29
49 80
47 79
97 27
42 24
7 29
107 68
24 37
11 88
81 37
83 61
47 94
105 53
84 22
99 11
46 85
62 63
29 60
95 27
3 105
28 57
80 72
63 95
24 36
76 27
79 69
23 21
52 83
26 35
90 28
51 32
49 87
94 57
22 13
43 104
81 66
62 72
104 52
102 87
81 67
74 56
49 94
2 83
9 30
69 28
75 84
2 39
88 70
12 59
28 87
67 42
9 48
42 79
49 63
31 47
51 71
61 38
74 50
44 5
87 1
6 13
98 22
104 82
35 63
95 15
44 31
66 31
37 45
27 84
13 62
46 73
77 61
106 97
84 42
64 80
100 98
12 56
106 82
17 32
71 88
95 42
91 62
87 51
6 41
45 24
100 94
34 76
15 59
77 55
72 48
43 39
50 93
62 46
6 21
82 4
46 1
88 105
83 91
89 103
45 30
7 55
91 52
31 76
28 2
89 11
10 59
86 12
70 23
88 10
67 34
22 71
55 81
4 81
5 80
82 79
78 107
107 58
38 1
86 1
10 66
20 31
10 82
79 65
75 29
33 59
57 14
49 64
88 63
75 100
69 72
68 70
53 61
5 28
21 103
54 21
69 97
81 59

192
2 12 4 10 12 7 11 2 2 8 16 19 4 19 15 10 16 19 16 5 14 17 8 8 2 9 3 16 11 4 14 3 18 13 2 11 8 17 6 15 14 1 7 19 4 14 5 19 9 13 15 19 5 8 11 16 4 6 9 17 14 14 11 18 18 14 10 11 4 13 1 16 17 16 15 12 5 7 18 18 8 10 1 15 9 17 4 15 15 1 18 2 10 4 4 9 17 19 11 1 18 15 18 4 8 11 9 9 10 16 14 18 16 9 9 18 6 8 6 14 18 6 3 8 19 8 14 8 11 17 10 12 3 10 4 10 8 14 10 16 19 19 8 6 6 5 1 11 14 16 9 10 14 7 15 6 6 12 19 10 14 6 13 9 18 9 17 7 1 9 2 9 7 2 14 9 13 1 5 11 18 15 18 2 5 7 16 2 14 5 4 12 
573
39 73
188 108
9 77
78 97
162 138
131 125
18 15
46 190
66 90
119 76
59 145
38 111
28 150
131 177
182 39
85 28
156 52
39 30
129 9
172 66
43 98
2 35
10 183
109 52
92 174
11 146
113 119
140 169
36 107
119 49
90 26
135 118
91 43
158 100
60 143
33 13
59 9
137 126
134 170
36 9
118 56
127 69
16 91
111 152
114 69
144 155
181 6
86 37
98 177
124 56
132 171
2 40
127 60
61 118
39 87
45 157
140 83
116 21
139 132
144 180
48 87
59 154
4 77
44 173
18 179
100 121
167 108
117 41
63 109
84 102
20 173
9 14
9 40
174 191
125 164
52 113
158 14
45 129
7 182
161 43
144 133
61 119
34 19
17 40
122 169
38 46
23 161
143 168
12 124
119 158
102 154
160 156
122 189
101 152
107 74
83 50
144 32
159 39
154 8
168 45
106 87
39 80
77 188
19 25
186 133
190 157
185 76
145 16
31 124
86 38
99 125
83 183
2 62
74 115
170 15
157 31
134 173
109 137
13 14
152 32
62 151
44 84
115 23
132 94
100 28
81 123
39 67
186 171
14 1
136 95
172 77
176 149
61 158
30 76
118 27
11 120
116 110
130 101
56 184
128 37
101 34
99 178
74 11
52 32
41 125
134 48
69 129
64 179
22 182
117 58
29 98
49 167
44 30
184 16
15 35
44 87
82 96
115 41
98 28
51 158
8 2
63 79
168 47
118 22
7 108
121 59
151 112
48 153
88 29
71 52
51 133
17 5
185 83
153 162
173 126
90 12
158 167
46 7
60 122
12 8
135 98
122 98
123 30
70 32
153 8
59 93
94 101
131 26
180 40
139 18
31 23
112 157
169 164
48 185
150 60
77 32
80 60
140 36
86 106
114 181
170 6
172 147
156 31
124 114
81 82
65 151
128 98
164 70
11 62
115 105
112 142
26 132
173 2
109 81
52 19
46 135
112 163
157 74
181 28
84 139
41 134
156 149
113 73
92 76
155 107
73 165
38 11
29 115
127 11
104 26
116 25
133 16
65 131
94 44
185 162
15 97
175 173
131 75
71 132
90 35
57 164
146 94
94 113
44 85
77 52
179 69
128 11
87 160
27 31
71 15
67 43
83 142
158 97
19 83
111 184
80 113
134 115
188 112
122 111
75 85
178 57
171 80
126 132
83 90
80 118
87 54
110 49
38 41
96 1
62 10
65 58
67 91
26 144
93 157
109 98
170 79
16 119
2 46
134 117
118 152
50 131
33 183
89 142
175 191
12 38
147 73
186 88
92 25
2 67
127 59
61 130
7 66
96 132
104 50
57 15
153 53
156 2
78 94
154 189
68 129
43 178
140 111
152 176
77 121
80 96
61 12
25 101
23 154
185 23
157 141
152 87
55 109
68 161
47 111
142 60
138 103
46 159
64 17
137 94
159 81
9 112
163 176
45 85
176 13
31 80
7 44
58 183
39 82
12 25
37 116
35 171
46 91
182 27
60 166
106 38
150 183
145 49
179 127
19 26
20 151
78 181
25 46
112 50
117 96
135 74
164 6
19 161
77 154
79 159
168 117
133 35
27 53
53 51
143 22
145 158
107 122
79 117
182 93
123 187
68 49
4 189
51 88
163 110
177 52
107 176
30 190
22 144
159 86
155 8
20 147
72 158
146 128
69 73
42 146
33 11
5 121
66 40
49 36
189 171
126 155
101 161
80 187
183 52
171 108
69 147
171 26
81 117
46 133
4 118
16 58
57 6
47 73
105 184
132 73
188 20
169 86
72 127
166 105
173 54
165 86
71 74
176 84
182 73
180 25
100 58
135 156
57 120
136 5
157 60
23 181
186 55
186 86
177 167
167 133
40 183
156 24
91 161
16 160
102 128
94 50
46 27
150 77
168 65
176 17
23 102
106 32
102 176
75 4
65 28
182 78
175 55
32 10
140 130
89 82
130 137
49 130
150 179
19 152
85 131
75 154
69 124
5 183
151 118
114 13
161 148
94 75
36 23
46 53
44 110
186 46
107 37
7 88
90 175
39 68
76 90
115 149
115 24
99 158
177 107
132 138
154 56
172 141
135 26
115 101
95 53
52 36
159 88
5 85
143 146
45 92
77 145
53 25
107 191
24 22
78 176
147 67
63 83
2 187
70 93
173 112
24 74
73 66
179 9
62 123
8 101
113 32
126 145
111 129
189 34
23 7
26 189
33 4
106 63
115 88
104 23
135 140
81 95
163 33
28 167
180 83
91 184
78 43
183 151
37 149
39 46
133 72
87 117
110 56
153 97
65 103
41 105
62 71
154 35
107 97
152 40
12 114
60 53
174 29
114 104
25 4
4 94
137 10
52 110
152 108
118 185
191 74
73 9
14 57
178 88
166 113
123 147
155 18
148 175
173 25
18 98
180 48
184 27
5 65
183 42
144 157
51 130
124 127
106 188
59 5
179 37
147 162
45 56
51 121
31 2
57 152
172 145
136 133
83 11
33 51
94 8
104 55
79 160
47 8
140 165
30 73
25 79
9 38
159 85
163 119
189 71
49 189
156 170
61 15
28 109
158 47
164 88
67 54
16 33

25
5 8 18 4 1 18 4 15 6 10 11 17 11 11 6 18 1 6 2 6 1 15 7 4 6 
157
13 9
6 21
16 23
24 10
8 14
21 15
11 8
10 2
6 2
7 9
7 11
23 22
19 7
16 13
3 22
8 13
16 5
15 6
13 5
19 4
19 9
16 22
7 5
23 5
11 5
18 2
19 15
21 11
10 16
12 5
11 18
23 17
12 2
1 15
11 23
24 8
19 18
4 23
11 17
23 10
12 22
21 22
18 6
21 2
22 20
14 15
24 2
20 7
14 1
10 12
7 3
21 12
9 21
13 7
3 11
23 1
14 5
20 2
20 4
16 19
15 18
14 7
21 1
7 23
23 9
4 21
11 16
22 1
9 17
14 12
6 8
23 20
6 16
22 7
6 11
19 20
3 16
21 24
18 12
20 14
7 12
16 4
8 1
21 16
12 6
10 17
24 18
17 3
6 22
4 18
22 5
10 20
15 5
13 3
12 23
3 12
14 21
24 7
23 13
18 7
2 7
14 13
2 8
1 7
15 16
11 22
19 6
1 20
6 14
20 8
11 4
18 5
17 14
12 1
18 14
20 9
20 15
6 10
9 4
21 13
24 23
6 17
10 22
12 11
22 14
2 9
19 13
9 22
21 23
18 17
4 7
4 22
17 16
19 8
8 9
21 7
4 24
15 11
8 23
6 4
11 10
17 22
12 20
17 7
18 22
16 24
20 3
10 13
15 8
20 16
18 8
12 9
8 17
12 15
19 1
5 8
1 4

29
6 8 2 6 11 14 19 8 5 11 4 17 18 7 18 15 15 10 16 14 9 6 1 17 7 6 4 6 8 
143
14 23
28 19
5 17
19 23
21 3
14 8
28 13
16 27
20 26
28 2
23 15
11 14
28 24
20 24
4 6
7 1
18 15
28 20
22 17
20 9
26 1
25 17
27 19
3 24
11 9
24 17
6 8
7 22
1 17
7 13
27 13
18 28
10 22
25 12
6 3
19 6
1 15
4 1
1 9
8 17
25 21
18 7
25 28
21 24
6 9
16 10
4 8
21 6
8 16
24 25
9 16
23 3
1 18
10 13
6 1
20 4
18 11
22 3
28 12
3 2
5 13
10 26
22 6
19 18
4 27
5 25
18 22
26 11
13 6
2 23
11 4
28 10
23 17
18 9
8 15
27 8
25 16
26 15
28 6
12 22
15 14
5 1
16 7
9 3
17 2
22 13
13 3
28 9
23 7
1 27
21 13
25 11
2 4
27 18
24 12
9 21
24 14
1 20
26 19
6 2
15 21
25 26
25 15
25 2
10 21
26 23
12 17
20 16
16 24
13 1
7 26
15 10
19 17
20 7
25 13
11 24
12 21
26 14
1 3
14 27
1 2
8 7
10 3
22 14
14 7
21 8
12 27
16 21
18 5
3 26
11 5
24 4
22 27
17 10
23 22
28 21
23 1
17 28
12 3
8 12
11 1
4 17
16 4

78
1 12 8 5 7 17 5 15 5 2 3 18 19 12 18 18 19 17 11 3 2 17 6 7 11 17 6 9 9 12 10 12 5 18 18 3 6 17 1 6 3 12 11 8 19 3 5 4 13 13 16 3 1 14 1 14 8 15 6 3 1 14 7 8 12 2 2 7 15 12 14 18 9 11 19 11 15 13 
753
54 36
29 72
25 36
12 35
23 63
67 34
42 72
62 23
13 56
69 51
61 31
50 47
11 76
28 75
61 24
11 24
6 41
55 47
50 41
66 11
48 37
31 4
23 16
40 42
1 21
7 9
10 14
72 73
22 12
69 58
18 59
77 12
20 58
41 61
73 62
65 61
15 58
25 2
20 7
9 22
70 46
13 5
38 4
1 37
27 48
42 48
23 61
14 33
49 64
64 2
26 52
77 74
3 38
43 61
49 51
70 19
73 69
26 9
5 58
35 62
55 24
51 14
48 32
10 67
8 19
74 8
40 53
75 46
60 2
74 10
22 15
24 31
36 42
59 57
34 49
62 66
34 54
53 48
66 64
74 76
26 57
57 54
75 26
42 51
54 24
31 7
5 1
29 64
19 61
24 19
59 52
51 13
33 19
66 74
57 38
23 34
13 77
9 6
11 31
72 2
34 36
18 43
60 58
6 5
29 32
43 35
16 4
20 15
35 70
11 52
52 75
77 16
60 13
43 42
46 43
7 40
74 47
15 26
23 77
54 31
33 42
34 6
1 24
37 56
39 72
13 37
53 9
35 17
61 45
8 68
10 6
55 37
4 60
60 32
47 46
76 69
75 27
45 16
21 68
18 19
15 13
37 29
10 34
42 41
29 20
50 69
57 5
55 12
76 1
41 57
59 74
42 58
45 72
32 73
76 48
44 12
2 23
52 15
7 23
61 27
21 42
63 44
60 39
52 22
26 63
41 5
45 38
74 64
41 63
74 34
9 47
14 43
13 35
42 3
72 27
29 67
23 56
61 22
67 57
23 52
25 43
73 21
68 17
64 18
41 43
43 58
26 1
48 38
13 41
62 5
70 41
61 25
61 35
19 17
17 45
5 56
56 32
53 11
16 58
33 25
19 49
10 58
58 17
7 36
14 62
51 71
22 70
46 53
72 8
42 49
68 48
59 42
44 52
66 30
76 46
2 63
68 66
34 27
44 18
47 70
41 52
28 42
49 38
41 30
15 65
46 3
38 53
58 6
72 36
45 71
40 46
3 8
59 7
10 38
22 51
26 42
32 24
44 16
28 22
23 38
30 35
18 5
62 60
19 48
2 20
19 72
51 70
74 14
23 58
41 4
75 70
68 34
27 73
75 57
14 75
3 20
32 76
15 71
36 61
48 61
38 24
15 35
74 57
69 25
28 11
17 69
2 40
20 36
6 44
42 30
58 72
70 18
48 72
34 20
19 45
6 8
67 19
65 2
31 66
1 38
55 76
50 37
67 4
15 56
21 39
33 15
32 36
68 38
9 30
60 49
76 50
41 49
28 52
36 16
49 15
37 12
26 73
67 20
19 66
65 35
7 29
59 68
29 10
34 15
45 51
37 64
77 5
74 12
28 34
30 40
7 45
50 32
76 42
63 8
46 26
30 14
22 16
27 63
72 51
58 14
62 59
12 8
22 73
44 33
47 32
19 35
10 41
70 52
11 27
30 1
16 42
71 9
6 50
60 44
10 54
44 58
76 6
39 59
72 17
39 61
72 68
76 25
52 72
10 55
76 63
12 48
4 42
43 21
12 41
20 51
34 41
49 29
21 61
45 54
42 56
47 11
71 77
25 55
3 34
14 40
5 16
24 46
59 19
54 70
26 34
14 70
68 65
69 39
22 24
33 23
30 59
39 29
2 4
56 73
30 75
63 75
14 25
11 7
22 2
45 3
65 46
69 42
12 64
24 53
72 50
45 28
28 21
14 26
64 25
57 33
22 49
48 58
10 44
52 67
24 16
21 2
24 45
35 22
72 46
22 44
3 66
66 22
74 45
1 67
12 18
14 59
40 6
65 70
46 61
62 12
26 64
17 50
52 69
17 30
77 55
1 57
44 4
14 3
51 24
51 10
28 51
28 33
26 23
51 64
26 35
48 3
55 58
76 36
11 15
22 63
18 21
22 60
70 32
56 16
39 54
19 34
67 17
56 27
13 38
33 66
5 64
58 45
11 48
44 57
56 26
57 4
14 12
69 32
7 47
28 62
7 26
35 31
49 75
58 2
20 60
65 36
51 55
34 17
75 16
9 11
21 31
4 21
41 48
46 19
60 54
36 24
60 64
10 39
15 19
47 59
49 54
49 40
27 23
41 38
3 18
38 67
73 4
67 15
50 53
14 15
36 73
33 58
42 68
41 67
23 20
28 8
67 45
59 44
50 42
58 76
21 17
70 74
67 76
55 7
75 6
38 71
73 7
71 13
74 49
75 39
32 54
2 55
48 74
23 76
40 24
37 72
36 43
40 32
18 71
34 61
70 62
14 24
34 38
2 19
14 52
57 42
5 54
26 38
69 75
2 46
56 2
77 31
10 5
18 8
16 18
76 39
42 70
43 20
9 69
46 60
25 18
13 6
55 31
70 59
68 27
45 59
74 28
61 76
50 35
64 75
42 75
18 45
42 74
48 52
76 16
21 15
29 74
44 68
2 32
17 9
33 21
30 31
51 73
44 71
53 57
32 21
36 67
64 73
5 37
20 44
11 17
3 62
29 41
33 72
73 54
47 25
61 42
38 28
9 63
8 48
72 28
41 68
30 36
53 47
61 66
9 38
69 40
33 34
32 41
75 34
19 21
70 76
51 23
75 37
27 14
9 77
10 16
13 4
23 55
30 25
46 71
51 8
43 47
40 45
68 74
27 74
77 21
26 19
75 45
52 34
22 71
20 28
72 38
8 67
64 43
18 36
18 73
41 60
26 69
63 10
9 34
47 12
64 45
53 52
27 64
34 12
10 11
4 29
65 55
47 35
36 40
12 24
73 28
51 9
30 50
6 48
47 2
26 45
30 63
42 24
28 3
10 19
72 26
28 47
14 77
66 24
56 49
73 66
74 25
3 49
50 70
56 11
19 56
74 19
45 50
47 15
42 10
76 7
13 40
67 58
58 11
21 63
64 1
15 76
45 76
73 14
28 77
9 28
54 14
64 9
65 12
26 12
22 4
2 41
70 4
40 4
13 62
21 30
71 31
33 54
14 72
4 71
29 75
44 75
40 71
4 3
24 68
32 74
31 70
63 62
11 34
42 34
62 1
64 59
59 4
32 19
16 37
29 57
59 23
74 30
36 8
25 51
56 77
11 72
39 15
73 23
29 70
39 13
2 1
21 54
51 66
8 71
31 42
4 72
14 22
17 18
55 64
22 56
46 12
31 63
2 48
30 64
53 19
49 33
10 30
54 19
14 7
9 55
62 24
56 76
21 41
57 23
58 68
77 73
50 22
21 51
70 63
73 50
73 39
35 2
7 10
42 54
55 60
6 11
42 73
41 37
72 9
27 36
31 18
59 58
12 5
65 54
51 15
74 54
23 50
33 8
30 37
54 25
14 71
8 5
31 72
16 27
44 45

119
2 19 11 7 14 17 15 5 13 2 12 19 9 4 8 13 12 2 6 13 17 19 9 2 2 14 16 12 18 14 17 14 12 10 4 14 1 11 16 6 18 7 13 5 11 15 13 9 11 5 6 6 10 12 3 19 16 19 12 7 14 2 7 19 17 3 16 2 19 17 18 7 5 13 11 14 19 11 2 11 17 9 11 14 18 2 16 9 16 9 9 9 7 18 15 14 19 7 11 2 2 5 8 7 1 12 10 5 12 15 18 7 12 3 2 3 3 14 7 
741
94 1
68 32
104 76
7 83
92 56
88 17
98 117
105 28
48 95
106 28
90 103
67 89
29 30
110 31
52 68
75 49
110 33
51 112
34 4
110 79
19 9
33 18
16 25
102 29
87 82
53 7
88 74
3 5
108 103
2 71
16 69
113 20
57 85
30 38
91 35
20 55
45 83
66 109
52 95
65 12
17 100
70 71
88 107
36 17
58 74
99 22
89 65
50 3
95 45
44 18
43 13
1 39
31 11
116 1
88 115
19 53
35 5
91 50
5 62
110 44
30 7
26 101
20 31
59 2
75 68
26 105
104 99
77 46
88 71
92 58
29 38
41 69
74 32
105 100
88 114
20 110
28 72
1 28
115 22
78 27
48 41
81 114
88 94
58 63
114 77
40 107
78 55
22 76
96 81
64 2
70 4
98 37
48 70
115 21
18 68
53 91
38 44
85 96
51 5
116 111
77 105
4 36
63 1
77 22
43 3
17 105
30 46
35 27
95 7
74 116
84 7
98 95
105 61
3 91
98 107
14 49
61 39
30 3
57 78
103 18
24 19
85 84
67 108
22 67
60 54
106 57
79 48
18 52
44 11
98 87
55 90
99 28
93 48
92 3
17 72
16 102
8 47
48 49
14 87
22 12
37 97
41 45
6 50
65 79
44 9
64 19
99 69
112 67
49 110
85 82
54 116
110 102
109 80
43 93
25 100
45 57
43 63
100 39
9 8
61 92
40 15
24 84
57 86
26 111
61 111
118 95
8 91
66 30
70 76
66 80
49 4
3 51
27 86
111 87
99 8
32 89
112 102
86 39
64 24
18 30
66 89
20 114
104 63
71 106
34 63
15 62
16 116
77 101
84 111
52 62
51 74
70 33
51 41
68 11
67 4
75 86
97 3
100 5
57 64
47 16
17 15
99 2
25 41
10 66
57 33
65 69
65 22
9 40
21 116
72 93
95 8
65 107
87 57
25 101
68 69
18 109
103 24
93 39
9 28
36 19
59 10
39 18
27 2
1 98
19 76
22 107
52 71
40 71
45 55
90 7
62 32
107 69
76 71
106 96
56 42
11 38
22 46
117 6
55 103
22 75
114 113
113 99
14 91
32 24
88 97
51 16
108 35
13 51
12 80
85 34
73 83
33 24
56 6
116 15
116 50
69 85
106 82
115 99
2 73
111 69
19 77
115 25
75 1
93 29
15 33
74 56
31 92
48 110
3 77
29 67
81 61
9 74
107 77
106 83
52 13
76 23
12 115
71 27
104 98
20 15
91 96
63 45
28 103
59 104
10 111
61 79
80 51
53 79
96 30
104 113
55 48
51 23
95 89
56 77
114 26
91 33
13 111
20 76
2 44
41 87
115 87
12 92
35 56
67 90
103 105
94 59
19 75
104 11
91 56
10 116
5 54
53 117
68 7
73 52
75 96
58 91
16 32
110 43
76 16
115 64
9 43
69 54
5 29
88 42
112 93
112 86
89 80
109 22
26 97
4 108
43 83
37 62
93 97
107 11
62 69
13 73
44 24
90 49
92 32
19 30
88 61
105 54
114 96
88 54
93 92
71 6
35 74
113 109
106 69
26 66
27 49
37 102
23 116
33 23
104 64
43 15
10 58
85 6
78 96
111 74
10 65
72 77
112 46
79 118
57 38
51 36
50 54
94 2
19 18
59 34
1 48
102 44
95 30
100 99
85 101
44 115
94 84
36 104
31 21
32 78
111 95
44 51
39 40
56 105
68 115
84 39
19 11
81 39
48 113
87 102
36 31
87 5
1 107
9 39
78 97
114 82
80 5
114 32
14 2
20 96
54 39
66 108
50 76
69 35
70 100
43 76
49 97
38 75
61 63
74 108
117 41
112 78
55 98
24 79
12 30
11 55
28 81
108 89
53 118
83 64
107 7
106 115
87 21
101 116
105 27
46 5
68 89
92 34
53 48
17 7
52 91
118 27
83 66
90 87
30 90
21 106
8 107
75 97
56 113
28 77
64 85
5 39
12 31
11 40
65 118
20 98
51 97
55 94
66 40
73 21
40 13
95 105
92 35
19 97
96 35
100 24
109 2
118 77
91 43
15 110
77 74
73 28
73 109
12 52
67 111
36 39
62 81
17 16
4 17
35 23
43 95
34 10
99 87
93 7
95 116
61 48
82 68
36 54
66 5
113 79
27 47
85 72
94 98
97 56
20 4
10 103
51 102
25 28
6 66
100 1
72 83
44 61
5 37
77 49
12 7
93 34
88 83
101 20
6 37
27 53
30 5
118 88
69 33
75 66
49 60
13 41
95 5
55 91
110 105
84 81
118 94
103 111
21 52
53 30
23 96
16 109
100 55
108 42
17 32
105 39
61 74
11 21
54 117
104 9
32 39
107 6
73 87
5 90
72 65
21 66
104 1
89 84
68 50
34 114
58 85
34 94
6 115
42 84
115 70
105 15
46 113
91 11
6 118
73 85
32 18
105 14
88 84
1 101
71 101
52 109
65 86
41 44
95 97
36 98
32 6
41 101
7 76
58 37
52 25
64 113
14 66
62 33
114 101
92 45
37 39
51 29
93 118
39 22
45 51
86 76
12 77
45 81
97 114
55 74
94 115
35 19
57 52
29 54
3 11
42 74
46 95
85 29
27 24
39 4
61 52
98 50
28 26
107 25
112 57
60 107
68 16
84 55
2 83
19 118
9 118
71 116
7 80
35 77
9 24
115 33
26 5
96 34
118 1
33 66
66 50
68 14
9 85
72 27
83 12
47 45
41 103
29 97
3 26
8 38
28 44
51 2
14 116
16 62
64 58
24 86
43 67
86 97
55 51
109 53
8 20
64 4
36 18
62 35
53 31
21 18
61 56
106 77
71 48
109 41
110 108
2 82
26 47
2 48
23 64
40 41
86 109
55 101
60 63
87 69
73 51
1 4
111 46
38 19
97 21
37 63
83 13
83 37
96 26
68 104
70 117
98 8
62 31
35 83
32 5
109 103
92 116
32 30
99 101
67 117
110 97
53 44
39 7
20 12
23 62
87 48
47 65
5 34
99 102
65 27
89 98
97 69
38 99
71 24
97 106
47 57
91 32
57 77
26 44
31 7
53 39
32 9
41 77
96 56
88 37
98 116
117 72
23 4
37 112
92 51
34 57
80 58
63 55
82 115
101 70
50 57
5 4
103 6
77 97
20 82
107 26
77 25
96 53
32 101
17 63
111 76
111 31
105 51
42 70
68 21
29 69
112 13
80 48
98 109
90 72
93 27
89 94
70 66
41 78
87 15
43 14
65 96
64 62
23 37
70 50
21 96
2 108
10 94
10 38
50 24
108 77
63 109
80 87
7 47
103 72
76 46
100 37

166
19 2 11 8 13 18 11 3 15 14 10 14 13 5 18 7 1 2 19 10 7 4 13 13 18 10 19 5 12 3 18 9 19 12 8 15 1 12 7 8 13 3 9 1 19 14 14 18 8 12 4 16 4 18 18 14 16 2 6 11 14 15 4 13 1 11 10 17 6 13 10 5 3 4 11 10 10 2 18 13 3 4 8 8 2 3 13 19 8 17 10 12 1 9 8 5 15 11 18 2 5 18 13 17 9 1 18 11 11 7 18 2 14 6 9 5 6 3 8 11 1 1 4 15 10 1 7 9 14 12 3 12 14 16 8 5 5 4 17 9 19 9 5 16 1 4 15 3 19 7 11 7 9 10 18 16 11 9 12 18 16 13 18 14 9 1 
732
121 46
9 48
164 47
63 22
142 107
42 94
96 70
77 86
127 59
136 98
146 10
49 71
121 27
42 19
73 39
156 86
44 165
154 55
4 5
112 55
96 65
69 39
146 22
139 2
67 94
121 112
162 49
28 106
139 116
69 119
141 65
91 21
7 78
127 44
57 38
74 17
22 40
103 55
53 49
118 131
153 125
127 24
44 102
3 17
59 79
77 121
119 101
95 82
95 139
45 31
20 68
70 115
155 71
161 139
31 110
87 116
2 31
86 7
112 9
99 8
91 103
30 70
103 160
116 143
120 62
49 128
148 36
38 144
106 157
74 56
133 68
146 117
92 74
80 9
139 83
149 105
72 107
41 142
151 116
130 35
87 77
57 70
135 12
140 59
43 107
140 88
122 129
150 71
18 66
27 81
125 20
144 86
11 53
27 156
94 115
1 22
157 85
101 39
93 28
77 4
136 81
88 145
29 31
93 79
158 58
7 103
60 65
102 114
149 58
121 70
3 164
52 29
109 71
17 90
125 65
89 153
76 132
38 50
73 162
40 3
123 41
90 13
95 125
3 69
93 61
151 84
61 142
157 104
164 143
155 84
101 118
158 55
102 83
56 158
131 4
97 145
47 38
88 68
88 51
4 86
71 156
162 63
133 92
146 29
98 128
147 8
146 113
118 77
95 128
33 82
108 96
8 74
3 152
133 158
84 62
116 95
70 29
7 56
26 148
98 101
104 154
47 113
144 124
31 119
102 13
118 61
43 13
83 77
126 98
55 113
45 133
12 76
81 152
98 57
62 69
54 99
23 101
85 165
35 105
3 12
35 128
20 5
108 120
135 110
156 90
59 23
68 92
124 116
23 64
152 125
154 146
29 139
72 36
9 61
162 30
133 9
92 39
146 116
161 104
99 40
92 127
9 55
52 162
100 94
88 38
131 64
101 107
61 79
130 12
150 154
47 37
57 112
150 74
119 139
45 57
89 85
18 46
39 12
142 148
153 128
64 6
134 19
22 19
147 33
61 133
67 92
135 73
85 145
96 151
51 30
88 97
80 21
64 56
52 32
45 130
63 51
114 35
86 16
148 89
152 103
24 33
158 24
63 131
143 85
62 125
34 1
133 39
80 141
80 39
139 30
24 97
50 96
150 124
23 103
103 33
31 95
139 157
99 23
20 58
136 86
136 29
132 13
161 54
74 33
130 160
118 87
51 148
35 83
28 109
109 73
124 131
36 93
128 4
7 33
15 103
134 46
19 154
62 126
6 76
148 9
130 24
34 43
57 49
55 87
48 111
161 25
71 39
153 5
46 26
124 8
6 22
151 3
73 99
99 24
122 83
96 131
157 68
68 28
72 130
143 9
72 132
122 124
148 32
131 19
89 8
43 164
18 81
162 116
112 118
18 143
147 134
150 67
62 11
119 153
164 40
76 16
67 156
66 150
102 134
86 6
32 7
54 18
128 162
4 91
67 10
163 121
58 70
137 158
64 72
41 86
157 125
12 62
60 2
79 19
122 147
73 52
93 78
19 46
18 34
53 122
109 48
42 159
7 68
11 75
32 146
128 127
52 123
92 79
4 95
23 75
60 20
53 158
56 34
114 156
149 120
89 14
138 132
66 155
38 126
37 57
130 54
162 163
29 16
135 124
146 125
30 129
9 12
103 113
111 41
9 67
102 58
114 128
11 76
154 99
32 164
131 79
45 42
105 21
79 91
113 123
148 67
62 34
2 6
19 162
27 104
88 17
22 5
63 129
104 149
44 93
48 2
107 15
76 115
80 19
13 145
76 53
42 8
85 133
54 57
37 82
18 156
164 51
6 109
67 147
53 105
43 110
101 8
52 159
152 30
129 71
15 119
14 111
17 68
64 10
131 112
136 30
112 29
107 130
74 77
135 114
49 115
149 78
90 153
70 75
142 48
144 158
147 24
32 40
30 127
65 13
15 9
155 49
122 40
16 46
79 34
98 108
80 82
59 25
128 152
84 28
50 70
143 126
86 18
145 130
148 164
12 26
113 84
145 84
85 103
82 72
75 122
56 118
52 114
120 21
153 123
165 91
103 120
95 103
65 106
19 18
39 2
50 123
141 26
125 77
9 2
5 42
40 48
106 130
163 104
149 85
142 85
144 104
40 132
101 47
146 118
128 15
80 84
126 14
80 32
4 155
139 67
91 159
33 10
13 115
56 138
27 112
33 28
28 96
133 125
135 102
39 131
115 5
64 143
141 53
158 39
124 156
24 46
38 113
74 21
12 113
41 140
60 17
16 123
70 77
15 83
162 106
22 33
66 109
94 6
52 15
3 92
155 7
160 63
68 91
35 53
91 147
89 80
129 68
159 162
38 159
27 119
114 75
142 25
106 75
121 9
78 1
89 4
40 35
79 27
48 96
24 79
56 106
93 46
30 82
39 105
24 29
82 139
61 31
61 85
6 113
14 76
132 87
31 149
4 71
124 20
135 54
102 103
59 113
67 116
109 93
52 117
66 107
50 30
113 81
57 51
13 69
77 46
159 88
34 37
150 141
51 9
129 114
53 63
133 154
156 80
128 40
90 24
64 102
53 41
72 110
134 55
31 96
21 94
14 135
15 42
103 93
161 113
52 82
43 22
145 162
105 87
27 152
130 77
49 45
134 30
29 127
77 48
147 138
10 98
156 60
4 93
96 10
71 70
81 142
112 160
43 139
140 109
94 105
135 101
25 11
90 27
131 73
160 97
6 158
119 76
24 51
165 143
105 125
43 120
40 142
10 7
12 98
117 10
35 60
17 159
155 115
133 24
95 136
9 38
40 34
125 151
19 10
127 164
17 44
148 99
63 96
65 124
33 35
65 143
122 114
17 93
162 50
121 32
48 148
2 64
43 5
5 50
100 150
36 50
119 97
35 141
152 64
112 106
28 61
71 83
154 131
6 105
118 19
86 158
6 8
56 83
68 160
146 31
34 68
62 72
148 39
54 22
113 109
56 137
23 143
165 112
71 132
77 133
94 71
139 153
34 69
124 123
114 60
108 77
99 49
22 30
63 165
63 163
32 55
36 96
137 47
151 73
28 23
89 139
159 11
39 59
59 11
127 165
81 163
148 22
60 120
32 1
75 69
79 128
32 15
16 100
92 81
92 100
63 94
14 159
77 82
102 122
77 153
77 92
68 119
49 87
72 152
126 137
157 158
82 31
29 92
57 134
155 60
37 81
77 1
50 87
145 96
71 54
37 92
41 15
162 157
150 122
29 34
14 10
152 82
14 22
9 32
139 128
105 103
10 151
76 101
68 9
113 159
9 91
158 20
103 137
27 71

13
16 6 2 18 10 5 18 6 8 17 8 14 7 
66
3 10
8 4
1 6
11 8
6 9
3 9
10 5
2 3
8 6
7 10
2 12
9 8
10 4
5 11
6 10
1 7
2 1
7 3
5 1
7 9
6 5
12 10
12 7
3 12
12 1
8 5
12 4
8 12
9 5
5 3
6 2
9 12
11 4
4 1
5 7
4 2
3 1
2 5
11 9
11 10
9 10
4 7
10 2
7 6
3 6
1 10
2 7
12 5
8 2
11 2
8 1
7 8
6 4
12 11
9 4
7 11
6 12
6 11
3 11
9 2
8 3
5 4
11 1
9 1
10 8
4 3

59
15 6 3 18 2 4 16 2 2 4 12 18 9 15 15 17 16 19 18 5 1 11 14 10 4 5 12 5 13 6 3 7 2 3 9 5 14 14 17 2 5 1 15 19 9 7 1 19 2 5 9 11 7 5 10 17 2 17 11 
628
34 19
28 16
30 56
30 24
6 3
19 54
50 45
33 32
37 15
33 36
55 21
50 11
3 52
53 12
20 6
53 40
35 25
36 7
52 27
48 49
18 16
18 15
32 24
16 44
27 53
41 16
19 30
50 26
29 2
51 36
32 23
54 44
43 15
14 49
58 14
24 43
21 57
56 49
7 20
9 16
56 14
11 4
20 17
35 14
49 45
46 33
28 49
51 33
2 15
2 43
8 21
19 33
44 22
38 19
32 54
25 11
52 49
25 1
53 54
36 37
57 8
20 31
18 23
29 30
50 47
54 2
30 38
2 51
23 31
51 43
46 41
6 30
23 28
8 16
47 44
45 14
38 42
19 10
50 32
35 54
58 26
44 28
39 33
8 2
26 31
58 1
25 27
6 15
13 7
41 38
57 41
12 8
1 8
4 57
10 9
37 45
38 2
26 38
1 38
17 41
3 42
36 49
47 36
30 22
40 35
43 6
51 57
39 23
2 21
3 19
1 31
10 47
6 24
38 47
7 31
48 12
57 13
52 17
48 29
8 28
23 4
2 25
3 18
21 38
34 49
36 40
41 37
21 19
29 11
5 2
1 37
27 17
48 46
55 34
6 19
38 44
51 44
22 33
37 31
14 54
3 54
1 48
12 49
34 24
29 45
37 42
18 29
10 35
5 49
37 26
46 56
17 1
57 9
45 47
9 23
28 54
37 34
38 45
11 17
37 56
1 18
3 41
35 49
17 29
51 12
47 51
53 2
10 4
24 42
12 13
32 1
30 50
6 53
40 14
6 29
1 51
22 36
39 50
37 39
19 48
56 11
11 45
44 58
57 46
3 40
53 10
20 54
36 25
36 2
54 12
5 40
6 9
50 2
5 57
33 13
12 47
29 55
7 22
54 46
43 35
56 3
22 4
18 44
55 13
11 52
24 13
54 10
5 34
43 54
30 5
24 31
31 9
44 20
34 40
42 27
44 39
19 20
36 27
20 46
23 30
44 37
45 20
41 23
1 40
35 23
30 9
58 27
5 11
48 55
57 26
31 15
51 13
25 4
9 27
30 42
19 7
33 20
29 34
47 18
39 57
6 36
51 19
30 31
42 55
7 35
21 26
46 15
30 55
4 37
10 27
19 5
2 37
35 3
24 51
16 35
22 17
52 30
22 16
25 19
6 35
10 50
40 8
29 16
29 47
1 10
3 43
1 24
19 41
55 36
39 27
7 24
7 48
49 9
2 16
46 28
53 18
58 53
57 6
57 50
54 24
17 30
43 16
36 16
1 29
12 30
45 19
27 33
56 16
32 42
18 7
47 11
7 32
46 17
21 47
9 26
22 28
12 56
46 44
18 42
55 20
26 6
7 16
44 35
17 34
25 23
51 5
20 9
4 52
28 36
54 29
43 37
44 11
29 35
43 21
1 7
53 22
4 50
31 14
50 36
40 38
28 53
31 58
24 17
28 2
15 26
7 38
5 7
48 4
19 37
20 49
46 24
34 6
56 18
1 27
21 35
27 8
40 39
56 50
39 42
50 1
3 37
52 44
38 36
53 1
17 49
11 16
29 46
17 2
22 43
7 41
53 25
8 39
56 29
2 40
1 57
26 49
40 11
25 38
11 35
44 33
24 2
52 56
41 22
46 16
27 11
8 7
45 56
35 52
9 42
40 56
26 17
45 1
22 15
7 56
42 10
41 18
17 53
29 27
15 23
49 6
14 10
23 29
11 2
14 1
21 18
44 12
15 27
9 11
11 21
52 57
54 33
8 43
10 44
25 32
54 45
37 7
32 2
39 6
23 53
30 8
6 14
36 8
36 24
23 3
13 21
53 38
23 42
27 35
58 49
31 29
58 33
45 44
24 18
55 10
40 6
39 21
57 16
45 4
16 21
17 28
46 49
37 35
17 54
36 18
41 58
26 29
25 26
40 47
57 25
36 31
10 15
8 35
55 7
25 39
49 19
6 54
40 55
20 15
41 6
53 49
46 13
8 4
1 16
21 30
45 39
27 54
51 30
26 12
10 21
32 30
44 26
34 21
12 55
29 42
51 40
32 40
10 49
15 8
44 15
50 18
56 27
23 33
20 47
1 52
47 35
34 10
6 52
10 18
38 18
31 46
27 14
21 45
39 35
10 32
41 52
13 11
11 49
50 55
12 7
11 34
37 58
22 57
18 11
25 42
47 52
5 14
17 23
46 6
27 5
39 52
21 7
15 7
44 27
6 37
18 39
40 45
50 42
1 55
44 6
43 50
20 13
21 40
12 37
23 58
4 7
53 56
50 3
2 31
11 31
43 19
14 17
53 52
33 47
43 12
24 4
25 47
50 52
28 19
57 34
56 25
23 57
1 39
1 36
27 13
57 43
11 58
14 34
49 15
42 44
43 46
43 11
53 42
25 15
20 24
22 46
45 8
46 51
22 26
6 38
38 58
40 31
48 54
30 13
16 53
12 6
49 23
32 47
41 26
5 16
51 34
28 3
33 15
28 48
33 10
13 56
34 13
17 50
50 20
54 4
10 20
3 12
33 57
45 6
35 1
34 38
18 9
25 9
12 38
49 22
39 46
55 28
47 54
13 19
22 37
9 36
56 23
53 43
47 23
48 37
19 32
52 2
15 17
8 38
21 49
34 48
41 47
32 37
52 13
25 24
25 5
30 26
44 48
45 22
9 32
54 58
50 9
52 5
27 19
16 38
3 21
8 41
29 58
10 36
39 16
17 58
17 12
28 13
46 58
19 2
7 10
35 28
7 17
52 9
34 15
43 1
6 58
58 21
28 37
36 4
12 42
43 49
40 25
45 24
44 25
11 55
43 58
37 52
29 41

24
18 1 18 8 12 19 2 19 2 2 3 9 16 1 10 11 1 7 12 19 3 17 17 8 
235
14 1
13 11
4 3
15 3
5 21
9 20
12 20
23 13
22 16
5 8
7 10
7 16
10 12
8 21
1 20
22 3
13 16
2 20
17 12
10 18
9 19
11 6
16 12
14 9
20 5
5 12
22 7
5 23
19 21
12 1
14 10
11 16
5 17
22 15
20 8
6 13
16 8
8 23
5 13
10 21
11 18
18 21
9 4
8 12
1 16
17 23
10 4
17 3
8 4
19 15
16 3
7 12
23 4
5 4
5 11
8 19
8 15
15 5
18 1
14 8
20 4
14 22
14 20
2 16
8 10
20 10
17 8
2 7
23 10
21 16
5 14
20 17
8 2
3 20
23 19
4 12
16 14
9 10
17 19
14 6
6 23
6 4
3 8
11 4
9 2
20 13
22 12
13 2
23 21
14 19
7 5
15 13
9 23
9 13
20 18
23 15
13 17
7 6
15 4
17 11
16 17
1 10
6 1
6 18
4 2
15 6
9 22
17 9
13 19
6 8
23 18
19 12
1 5
19 16
13 3
5 22
23 16
19 18
1 19
15 9
7 1
12 13
18 8
23 22
3 9
3 10
10 13
10 6
16 5
12 14
14 17
11 2
18 22
1 4
11 21
2 22
19 22
7 19
19 3
14 21
3 5
20 7
23 11
21 7
5 2
12 21
23 3
12 3
14 7
7 8
22 21
6 22
5 9
23 7
6 19
7 13
1 23
16 18
1 17
16 10
4 13
1 22
7 4
22 17
11 22
2 3
9 7
7 11
13 1
21 9
7 17
5 18
19 10
6 21
1 2
18 14
20 22
16 6
9 11
17 4
9 16
21 20
9 18
17 15
18 2
12 9
23 14
6 5
10 2
22 8
7 3
21 13
14 4
8 1
18 17
10 17
15 20
12 11
10 22
15 18
1 21
14 11
12 2
23 12
2 23
2 21
5 19
7 18
16 15
15 12
20 23
11 10
15 14
20 16
6 12
3 21
9 1
14 13
5 10
21 4
13 18
2 6
15 7
13 22
15 21
17 6
19 11
2 15
14 2
16 4
12 18
1 15
11 15
11 20
19 20

10
13 8 1 13 3 13 17 9 18 14 
36
9 5
3 6
1 9
8 2
9 3
5 1
7 9
6 5
6 2
8 7
7 2
6 9
4 9
1 6
9 8
1 2
8 4
5 2
3 5
3 1
6 8
9 2
5 8
2 3
8 1
7 5
4 2
8 3
4 1
5 4
4 7
1 7
6 7
3 4
3 7
6 4

117
18 2 8 7 11 4 14 6 18 8 5 14 10 4 15 14 16 2 16 8 15 9 6 14 10 18 5 9 13 10 11 2 12 13 9 7 18 9 8 18 13 19 17 1 16 19 2 7 11 1 8 16 9 6 18 5 16 2 10 17 4 12 3 10 11 14 8 7 1 16 4 3 17 12 1 7 1 6 2 10 12 18 17 11 3 12 14 8 12 1 11 14 18 18 11 9 19 13 9 12 15 13 12 9 18 6 19 18 13 13 6 7 18 8 10 12 5 
279
28 111
77 7
97 6
37 43
8 84
85 11
47 73
56 38
23 29
102 35
10 13
93 92
107 27
110 112
103 19
21 110
45 52
80 102
14 34
77 68
110 101
15 94
97 92
61 108
45 19
28 102
65 58
37 58
69 32
108 87
87 37
70 96
36 97
2 99
44 114
3 86
9 66
43 96
54 65
50 60
23 37
71 28
67 83
6 20
52 86
58 27
44 69
95 109
81 101
61 106
11 111
109 114
82 100
63 96
86 55
66 25
102 51
58 5
98 15
105 36
74 70
34 13
6 22
64 40
102 2
102 111
80 68
47 116
89 87
59 17
86 95
4 53
68 104
103 27
8 12
34 60
67 78
34 66
68 4
87 33
9 65
75 64
74 8
112 111
76 84
60 82
21 19
73 64
106 72
14 35
70 16
20 94
16 48
99 43
60 89
42 65
70 101
35 27
32 34
22 52
44 68
6 79
28 11
30 22
21 43
112 64
64 31
108 40
10 73
40 63
83 60
106 58
53 66
35 19
106 39
78 30
4 58
12 90
114 58
106 33
84 40
3 111
66 56
103 20
63 32
110 48
65 52
73 6
80 12
16 49
27 52
11 48
20 109
26 98
70 49
13 81
32 84
80 7
64 8
45 61
39 58
78 16
111 88
61 73
76 35
3 19
78 3
55 79
18 77
50 23
70 6
42 77
79 32
40 110
104 34
110 11
46 51
66 107
74 79
13 107
52 20
92 55
92 94
95 90
13 63
19 98
12 67
23 79
84 44
28 29
16 18
14 67
57 8
18 93
112 73
44 88
70 95
91 12
63 33
69 13
48 71
108 95
24 99
98 47
93 104
11 17
85 7
113 114
64 90
112 38
79 90
33 60
44 83
16 69
24 47
37 75
87 71
12 69
58 35
9 93
55 7
71 66
104 88
64 28
19 4
48 77
25 54
72 47
51 109
57 62
69 40
100 109
98 111
6 60
33 77
42 98
68 72
75 109
24 66
80 30
64 72
86 29
115 74
47 55
10 25
109 31
45 75
60 22
75 23
106 52
99 60
37 65
72 32
91 50
95 92
36 60
39 69
50 8
59 8
99 84
88 21
108 77
115 87
103 42
98 106
72 51
41 38
49 91
62 111
7 38
56 8
49 33
16 38
2 114
24 42
37 84
27 18
97 61
10 29
42 110
77 30
100 101
63 87
112 77
23 11
26 34
67 99
87 62
42 86
1 103
64 59
32 114
28 87
37 38
85 21
64 65
12 43
86 89
86 115
8
107
3
27
20
107
89
46
89
